-------------------------------------------------------------------------------------------------------------------------------------------------------------------------------
  Bin Id                     Marker lineage         # genomes   # markers   # marker sets    0     1    2    3   4   5+   Completeness   Contamination   Strain heterogeneity  
-------------------------------------------------------------------------------------------------------------------------------------------------------------------------------
  3715.job1.output.4   o__Bacteroidales (UID2621)      198         427           260         2    423   2    0   0   0       99.42            0.51               0.00          
  3715.job1.output.6     k__Bacteria (UID2982)          88         229           147         4    225   0    0   0   0       97.28            0.00               0.00          
  3715.job1.output.8   o__Bacteroidales (UID2617)      213         406           265         15   385   6    0   0   0       95.66            1.09              66.67          
  3715.job1.output.3      k__Bacteria (UID203)         5449        104            58         31    5    68   0   0   0       92.16           91.38              73.53          
  3715.job1.output.1   o__Bacteroidales (UID2617)      213         406           265         66   335   5    0   0   0       91.38            1.42              80.00          
  3715.job1.output.5   o__Bacteroidales (UID2716)       92         487           270        143   344   0    0   0   0       66.67            0.00               0.00          
  3715.job1.output.9   o__Bacteroidales (UID2657)      160         492           269        216   274   2    0   0   0       58.82            0.56              100.00         
  3715.job1.output.2      k__Bacteria (UID203)         5449        104            58         93    11   0    0   0   0       17.24            0.00               0.00          
  3715.job1.output.7      k__Bacteria (UID203)         5449        104            58         92    12   0    0   0   0       15.52            0.00               0.00          
-------------------------------------------------------------------------------------------------------------------------------------------------------------------------------
