-----------------------------------------------------------------------------------------------------------------------------------------------------------------------------------------
  Bin Id                         Marker lineage            # genomes   # markers   # marker sets    0     1     2    3    4    5+   Completeness   Contamination   Strain heterogeneity  
-----------------------------------------------------------------------------------------------------------------------------------------------------------------------------------------
  3715.job3.output.5       o__Bacteroidales (UID2617)         213         406           265         2    400    4    0    0    0       99.43            1.13              25.00          
  3715.job3.output.18      o__Clostridiales (UID1226)         155         278           158         1    273    4    0    0    0       99.37            2.22               0.00          
  3715.job3.output.10   c__Deltaproteobacteria (UID3218)       61         284           169         4    279    1    0    0    0       98.22            0.59               0.00          
  3715.job3.output.31        k__Bacteria (UID2982)             88         229           147         3    226    0    0    0    0       97.96            0.00               0.00          
  3715.job3.output.15      o__Bacteroidales (UID2621)         198         427           260         54   371    2    0    0    0       97.57            0.51               0.00          
  3715.job3.output.1       p__Bacteroidetes (UID2605)         350         314           208         21   286    7    0    0    0       97.37            2.59              42.86          
  3715.job3.output.7       o__Clostridiales (UID1226)         155         278           158         8    256    14   0    0    0       96.73            3.64               0.00          
  3715.job3.output.16      o__Bacteroidales (UID2617)         213         406           265         14   392    0    0    0    0       96.60            0.00               0.00          
  3715.job3.output.40      o__Bacteroidales (UID2617)         213         406           265         48   133   124   83   15   3       93.03           92.73               7.71          
  3715.job3.output.11       c__Clostridia (UID1118)           387         223           124         16   207    0    0    0    0       91.53            0.00               0.00          
  3715.job3.output.37    f__Mycoplasmataceae (UID2414)         89         228           130         44    90    94   0    0    0       90.75           51.67              57.45          
  3715.job3.output.35      o__Bacteroidales (UID2617)         213         406           265         64   341    1    0    0    0       80.63            0.38               0.00          
  3715.job3.output.30      p__Bacteroidetes (UID2605)         350         314           208         88   211    15   0    0    0       69.93            2.56              20.00          
  3715.job3.output.29         k__Bacteria (UID203)            5449        104            58         37    31    30   6    0    0       68.03           35.00               8.33          
  3715.job3.output.23        k__Bacteria (UID1453)            901         171           117         46   122    3    0    0    0       65.10            1.79              66.67          
  3715.job3.output.6              root (UID1)                 5656         56            24         39    1     15   1    0    0       63.54           66.67              77.78          
  3715.job3.output.39      o__Bacteroidales (UID2617)         213         406           265        196   196    14   0    0    0       51.75            4.15               0.00          
  3715.job3.output.20      o__Clostridiales (UID1212)         172         263           149        135   123    5    0    0    0       49.76            2.52               0.00          
  3715.job3.output.36          k__Archaea (UID2)              207         149           107         71    49    21   8    0    0       49.70           14.14              15.56          
  3715.job3.output.34         k__Bacteria (UID203)            5449        104            58         73    30    1    0    0    0       47.41            1.72              100.00         
  3715.job3.output.13      o__Bacteroidales (UID2716)          92         487           270        250   237    0    0    0    0       46.48            0.00               0.00          
  3715.job3.output.33         k__Bacteria (UID203)            5449        104            58         65    35    2    2    0    0       46.25            0.94              37.50          
  3715.job3.output.27         k__Bacteria (UID203)            5449        104            58         75    29    0    0    0    0       41.33            0.00               0.00          
  3715.job3.output.28      o__Bacteroidales (UID2617)         213         406           265        250   154    2    0    0    0       40.69            0.57              50.00          
  3715.job3.output.38         k__Bacteria (UID203)            5449        103            57         80    23    0    0    0    0       34.21            0.00               0.00          
  3715.job3.output.14         k__Bacteria (UID203)            5449        104            58         82    22    0    0    0    0       33.62            0.00               0.00          
  3715.job3.output.3       o__Bacteroidales (UID2621)         198         427           260        274   112    29   11   1    0       30.82            8.63              11.76          
  3715.job3.output.26      o__Bacteroidales (UID2716)          92         487           270        340   147    0    0    0    0       29.81            0.00               0.00          
  3715.job3.output.9          k__Bacteria (UID203)            5449        104            58         85    16    3    0    0    0       29.14            5.17              33.33          
  3715.job3.output.22          k__Archaea (UID2)              207         149           107        110    33    6    0    0    0       27.56            5.14               0.00          
  3715.job3.output.8          k__Bacteria (UID203)            5449        104            58         90    14    0    0    0    0       22.41            0.00               0.00          
  3715.job3.output.24         k__Bacteria (UID203)            5449        104            58         91    13    0    0    0    0       17.24            0.00               0.00          
  3715.job3.output.4          k__Bacteria (UID203)            5449        104            58         97    7     0    0    0    0       10.34            0.00               0.00          
  3715.job3.output.19         k__Bacteria (UID203)            5449        103            57         97    6     0    0    0    0        5.42            0.00               0.00          
  3715.job3.output.32             root (UID1)                 5656         56            24         55    1     0    0    0    0        4.17            0.00               0.00          
  3715.job3.output.12          k__Archaea (UID2)              207         149           107        144    4     1    0    0    0        2.49            0.93              100.00         
  3715.job3.output.25             root (UID1)                 5656         56            24         56    0     0    0    0    0        0.00            0.00               0.00          
  3715.job3.output.21             root (UID1)                 5656         56            24         56    0     0    0    0    0        0.00            0.00               0.00          
  3715.job3.output.2              root (UID1)                 5656         56            24         56    0     0    0    0    0        0.00            0.00               0.00          
  3715.job3.output.17             root (UID1)                 5656         56            24         56    0     0    0    0    0        0.00            0.00               0.00          
-----------------------------------------------------------------------------------------------------------------------------------------------------------------------------------------
