----------------------------------------------------------------------------------------------------------------------------------------------------------------------------------------
  Bin Id                         Marker lineage            # genomes   # markers   # marker sets    0     1     2    3    4   5+   Completeness   Contamination   Strain heterogeneity  
----------------------------------------------------------------------------------------------------------------------------------------------------------------------------------------
  3715.job1.output.20             root (UID1)                 5656         56            24         0     0     56   0    0   0       100.00          100.00             89.29          
  3715.job1.output.19      o__Bacteroidales (UID2617)         213         406           265         2    404    0    0    0   0       99.43            0.00               0.00          
  3715.job1.output.18      o__Bacteroidales (UID2621)         198         427           260         2    423    2    0    0   0       99.42            0.51               0.00          
  3715.job1.output.9       p__Bacteroidetes (UID2605)         350         314           208         3    300    11   0    0   0       98.80            0.75              72.73          
  3715.job1.output.30      o__Clostridiales (UID1226)         155         278           158         2    273    3    0    0   0       98.73            1.58               0.00          
  3715.job1.output.11      o__Bacteroidales (UID2617)         213         406           265         5    400    1    0    0   0       98.30            0.38              100.00         
  3715.job1.output.12      o__Clostridiales (UID1226)         155         278           158         4    269    5    0    0   0       97.78            2.85               0.00          
  3715.job1.output.22   c__Deltaproteobacteria (UID3218)       61         284           169         7    276    1    0    0   0       97.04            0.59               0.00          
  3715.job1.output.7         k__Bacteria (UID2982)             88         229           147         7    222    0    0    0   0       95.92            0.00               0.00          
  3715.job1.output.35    f__Mycoplasmataceae (UID2414)         89         228           130         36    77   112   3    0   0       94.41           67.54              50.41          
  3715.job1.output.2        c__Clostridia (UID1118)           387         223           124         12   211    0    0    0   0       93.55            0.00               0.00          
  3715.job1.output.21      o__Bacteroidales (UID2657)         160         492           269         72   391    29   0    0   0       90.22            6.19              89.66          
  3715.job1.output.31      o__Bacteroidales (UID2617)         213         406           265         80   279    40   7    0   0       88.63           17.45               0.00          
  3715.job1.output.29      o__Bacteroidales (UID2621)         198         427           260         89   292    44   2    0   0       86.40           11.51               4.00          
  3715.job1.output.23      o__Bacteroidales (UID2621)         198         427           260         96   150   134   39   7   1       82.94           60.58               7.92          
  3715.job1.output.14        k__Bacteria (UID1453)            901         171           117         40   124    7    0    0   0       78.77            5.56              85.71          
  3715.job1.output.1       o__Bacteroidales (UID2617)         213         406           265         93   313    0    0    0   0       73.84            0.00               0.00          
  3715.job1.output.39      o__Bacteroidales (UID2657)         160         492           269        184   301    7    0    0   0       68.78            2.42              85.71          
  3715.job1.output.16          k__Archaea (UID2)              207         149           107         67    45    26   10   1   0       52.58           22.00              20.97          
  3715.job1.output.36         k__Bacteria (UID203)            5449        104            58         65    38    1    0    0   0       50.00            0.86               0.00          
  3715.job1.output.24      o__Bacteroidales (UID2716)          92         487           270        239   248    0    0    0   0       42.03            0.00               0.00          
  3715.job1.output.10      o__Clostridiales (UID1212)         172         263           149        158   105    0    0    0   0       40.25            0.00               0.00          
  3715.job1.output.6          k__Bacteria (UID203)            5449        104            58         86    18    0    0    0   0       25.00            0.00               0.00          
  3715.job1.output.5          k__Bacteria (UID203)            5449        104            58         89    15    0    0    0   0       24.14            0.00               0.00          
  3715.job1.output.4          k__Bacteria (UID203)            5449        104            58         87    17    0    0    0   0       22.41            0.00               0.00          
  3715.job1.output.13         k__Bacteria (UID203)            5449        104            58         87    17    0    0    0   0       18.18            0.00               0.00          
  3715.job1.output.33         k__Bacteria (UID203)            5449        104            58         83    21    0    0    0   0       18.03            0.00               0.00          
  3715.job1.output.32         k__Bacteria (UID203)            5449        104            58         95    9     0    0    0   0       15.52            0.00               0.00          
  3715.job1.output.3          k__Bacteria (UID203)            5449        104            58         96    8     0    0    0   0       12.07            0.00               0.00          
  3715.job1.output.38          k__Archaea (UID2)              207         149           107        134    15    0    0    0   0        9.35            0.00               0.00          
  3715.job1.output.27             root (UID1)                 5656         56            24         54    2     0    0    0   0        8.33            0.00               0.00          
  3715.job1.output.17             root (UID1)                 5656         56            24         55    1     0    0    0   0        4.17            0.00               0.00          
  3715.job1.output.25          k__Archaea (UID2)              207         149           107        145    3     1    0    0   0        2.18            0.47               0.00          
  3715.job1.output.8              root (UID1)                 5656         56            24         56    0     0    0    0   0        0.00            0.00               0.00          
  3715.job1.output.37             root (UID1)                 5656         56            24         56    0     0    0    0   0        0.00            0.00               0.00          
  3715.job1.output.34             root (UID1)                 5656         56            24         56    0     0    0    0   0        0.00            0.00               0.00          
  3715.job1.output.28             root (UID1)                 5656         56            24         56    0     0    0    0   0        0.00            0.00               0.00          
  3715.job1.output.26             root (UID1)                 5656         56            24         56    0     0    0    0   0        0.00            0.00               0.00          
  3715.job1.output.15             root (UID1)                 5656         56            24         56    0     0    0    0   0        0.00            0.00               0.00          
----------------------------------------------------------------------------------------------------------------------------------------------------------------------------------------
