--------------------------------------------------------------------------------------------------------------------------------------------------------------------------------------
  Bin Id                         Marker lineage            # genomes   # markers   # marker sets    0     1    2    3   4   5+   Completeness   Contamination   Strain heterogeneity  
--------------------------------------------------------------------------------------------------------------------------------------------------------------------------------------
  3715.job1.output.31      o__Bacteroidales (UID2617)         213         406           265         2    403   1    0   0   0       99.43            0.38              100.00         
  3715.job1.output.27      o__Bacteroidales (UID2621)         198         427           260         2    423   2    0   0   0       99.42            0.51               0.00          
  3715.job1.output.26      o__Clostridiales (UID1226)         155         278           158         3    271   4    0   0   0       98.10            1.74               0.00          
  3715.job1.output.14      p__Bacteroidetes (UID2605)         350         314           208         35   265   14   0   0   0       98.08            4.71              42.86          
  3715.job1.output.10      o__Clostridiales (UID1226)         155         278           158         6    267   5    0   0   0       96.84            2.85               0.00          
  3715.job1.output.29        k__Bacteria (UID2982)             88         229           147         6    223   0    0   0   0       96.60            0.00               0.00          
  3715.job1.output.28   c__Deltaproteobacteria (UID3218)       61         284           169         37   246   1    0   0   0       96.01            0.59               0.00          
  3715.job1.output.13    f__Mycoplasmataceae (UID2414)         89         228           130         29   100   97   1   1   0       91.00           58.60              45.28          
  3715.job1.output.36      o__Bacteroidales (UID2617)         213         406           265         41   364   1    0   0   0       87.42            0.38               0.00          
  3715.job1.output.7       o__Bacteroidales (UID2621)         198         427           260         81   291   50   5   0   0       85.52           12.60               6.15          
  3715.job1.output.2         k__Bacteria (UID1453)            901         171           117         23   145   3    0   0   0       83.30            2.56              66.67          
  3715.job1.output.19             root (UID1)                 5656         56            24         29    0    27   0   0   0       80.21           80.21              81.48          
  3715.job1.output.35      o__Bacteroidales (UID2617)         213         406           265        106   300   0    0   0   0       74.47            0.00               0.00          
  3715.job1.output.20       c__Clostridia (UID1118)           387         223           124         69   154   0    0   0   0       66.94            0.00               0.00          
  3715.job1.output.11         k__Bacteria (UID203)            5449        104            58         60    41   3    0   0   0       64.11            5.17               0.00          
  3715.job1.output.12         k__Bacteria (UID203)            5449        104            58         60    44   0    0   0   0       58.03            0.00               0.00          
  3715.job1.output.5          k__Bacteria (UID203)            5449        104            58         63    26   10   5   0   0       53.07           22.07              16.00          
  3715.job1.output.25          k__Archaea (UID2)              207         149           107         70    47   23   8   1   0       51.18           18.82              18.87          
  3715.job1.output.15         k__Bacteria (UID203)            5449        104            58         74    30   0    0   0   0       43.45            0.00               0.00          
  3715.job1.output.30      o__Bacteroidales (UID2657)         160         492           269        307   185   0    0   0   0       36.06            0.00               0.00          
  3715.job1.output.32      o__Bacteroidales (UID2716)          92         487           270        299   188   0    0   0   0       35.56            0.00               0.00          
  3715.job1.output.6          k__Bacteria (UID203)            5449        104            58         77    27   0    0   0   0       35.52            0.00               0.00          
  3715.job1.output.37      o__Clostridiales (UID1212)         172         263           149        171    92   0    0   0   0       34.16            0.00               0.00          
  3715.job1.output.16         k__Bacteria (UID203)            5449        104            58         87    17   0    0   0   0       24.14            0.00               0.00          
  3715.job1.output.4          k__Bacteria (UID203)            5449        104            58         88    15   1    0   0   0       22.41            1.72              100.00         
  3715.job1.output.3       o__Bacteroidales (UID2617)         213         406           265        308    98   0    0   0   0       22.34            0.00               0.00          
  3715.job1.output.33         k__Bacteria (UID203)            5449        104            58         92    12   0    0   0   0       18.10            0.00               0.00          
  3715.job1.output.34         k__Bacteria (UID203)            5449        104            58         95    9    0    0   0   0       13.79            0.00               0.00          
  3715.job1.output.21         k__Bacteria (UID203)            5449        104            58         96    8    0    0   0   0       13.79            0.00               0.00          
  3715.job1.output.1           k__Archaea (UID2)              207         149           107        131    18   0    0   0   0       10.59            0.00               0.00          
  3715.job1.output.23             root (UID1)                 5656         56            24         54    2    0    0   0   0        8.33            0.00               0.00          
  3715.job1.output.22             root (UID1)                 5656         56            24         55    1    0    0   0   0        4.17            0.00               0.00          
  3715.job1.output.9              root (UID1)                 5656         56            24         56    0    0    0   0   0        0.00            0.00               0.00          
  3715.job1.output.8              root (UID1)                 5656         56            24         56    0    0    0   0   0        0.00            0.00               0.00          
  3715.job1.output.24             root (UID1)                 5656         56            24         56    0    0    0   0   0        0.00            0.00               0.00          
  3715.job1.output.18             root (UID1)                 5656         56            24         56    0    0    0   0   0        0.00            0.00               0.00          
  3715.job1.output.17             root (UID1)                 5656         56            24         56    0    0    0   0   0        0.00            0.00               0.00          
--------------------------------------------------------------------------------------------------------------------------------------------------------------------------------------
