----------------------------------------------------------------------------------------------------------------------------------------------------------------------------------------
  Bin Id                         Marker lineage            # genomes   # markers   # marker sets    0     1     2    3    4   5+   Completeness   Contamination   Strain heterogeneity  
----------------------------------------------------------------------------------------------------------------------------------------------------------------------------------------
  3715.job2.output.12      o__Bacteroidales (UID2617)         213         406           265         2    401    3    0    0   0       99.43            0.75               0.00          
  3715.job2.output.26      o__Clostridiales (UID1226)         155         278           158         1    273    4    0    0   0       99.37            2.22               0.00          
  3715.job2.output.10        k__Bacteria (UID2982)             88         229           147         3    226    0    0    0   0       97.96            0.00               0.00          
  3715.job2.output.21      p__Bacteroidetes (UID2605)         350         314           208         22   280    12   0    0   0       96.89            4.99              66.67          
  3715.job2.output.34      o__Bacteroidales (UID2621)         198         427           260         62   364    1    0    0   0       95.26            0.13               0.00          
  3715.job2.output.20   c__Deltaproteobacteria (UID3218)       61         284           169         12   271    1    0    0   0       94.67            0.59               0.00          
  3715.job2.output.24      o__Clostridiales (UID1226)         155         278           158         16   250    12   0    0   0       94.04            2.37               0.00          
  3715.job2.output.32      o__Bacteroidales (UID2617)         213         406           265         27   378    1    0    0   0       90.69            0.38               0.00          
  3715.job2.output.39         k__Bacteria (UID203)            5449        104            58         22    32    22   19   8   1       89.50           115.16             18.25          
  3715.job2.output.23       c__Clostridia (UID1118)           387         223           124         19   204    0    0    0   0       89.11            0.00               0.00          
  3715.job2.output.36    f__Mycoplasmataceae (UID2414)         89         228           130         47    78   102   1    0   0       88.96           59.72              52.38          
  3715.job2.output.6       o__Bacteroidales (UID2617)         213         406           265         89   267    46   4    0   0       84.84           16.35               3.45          
  3715.job2.output.9       o__Bacteroidales (UID2617)         213         406           265         75   331    0    0    0   0       78.49            0.00               0.00          
  3715.job2.output.17             root (UID1)                 5656         56            24         39    1     15   1    0   0       63.54           66.67              77.78          
  3715.job2.output.1       p__Bacteroidetes (UID2605)         350         314           208        124   186    4    0    0   0       59.78            0.80              25.00          
  3715.job2.output.29        k__Bacteria (UID1453)            901         171           117         75    95    1    0    0   0       52.28            0.85              100.00         
  3715.job2.output.14          k__Archaea (UID2)              207         149           107         72    45    21   10   1   0       49.31           18.34              12.28          
  3715.job2.output.28      o__Bacteroidales (UID2716)          92         487           270        254   233    0    0    0   0       45.74            0.00               0.00          
  3715.job2.output.22         k__Bacteria (UID203)            5449        104            58         73    30    1    0    0   0       44.44            1.72              100.00         
  3715.job2.output.8       o__Bacteroidales (UID2657)         160         492           269        288   182    21   1    0   0       41.54            5.24              12.50          
  3715.job2.output.19      o__Clostridiales (UID1212)         172         263           149        166    97    0    0    0   0       35.40            0.00               0.00          
  3715.job2.output.2          k__Bacteria (UID203)            5449        104            58         72    31    1    0    0   0       35.05            0.16               0.00          
  3715.job2.output.3          k__Bacteria (UID203)            5449        104            58         82    22    0    0    0   0       33.97            0.00               0.00          
  3715.job2.output.31      o__Bacteroidales (UID2716)          92         487           270        332   155    0    0    0   0       32.04            0.00               0.00          
  3715.job2.output.38         k__Bacteria (UID203)            5449        104            58         88    16    0    0    0   0       23.28            0.00               0.00          
  3715.job2.output.27         k__Bacteria (UID203)            5449        103            57         89    14    0    0    0   0       20.18            0.00               0.00          
  3715.job2.output.35         k__Bacteria (UID203)            5449        104            58         80    24    0    0    0   0       19.20            0.00               0.00          
  3715.job2.output.4           k__Archaea (UID2)              207         149           107        126    21    2    0    0   0       16.82            1.87               0.00          
  3715.job2.output.30         k__Bacteria (UID203)            5449        104            58         92    12    0    0    0   0       15.52            0.00               0.00          
  3715.job2.output.15         k__Bacteria (UID203)            5449        104            58         96    8     0    0    0   0       13.79            0.00               0.00          
  3715.job2.output.18         k__Bacteria (UID203)            5449        104            58         96    8     0    0    0   0       12.07            0.00               0.00          
  3715.job2.output.16         k__Bacteria (UID203)            5449        103            57         96    7     0    0    0   0       10.53            0.00               0.00          
  3715.job2.output.25          k__Archaea (UID2)              207         149           107        145    4     0    0    0   0        2.18            0.00               0.00          
  3715.job2.output.7              root (UID1)                 5656         56            24         56    0     0    0    0   0        0.00            0.00               0.00          
  3715.job2.output.5              root (UID1)                 5656         56            24         56    0     0    0    0   0        0.00            0.00               0.00          
  3715.job2.output.37             root (UID1)                 5656         56            24         56    0     0    0    0   0        0.00            0.00               0.00          
  3715.job2.output.33             root (UID1)                 5656         56            24         56    0     0    0    0   0        0.00            0.00               0.00          
  3715.job2.output.13             root (UID1)                 5656         56            24         56    0     0    0    0   0        0.00            0.00               0.00          
  3715.job2.output.11             root (UID1)                 5656         56            24         56    0     0    0    0   0        0.00            0.00               0.00          
----------------------------------------------------------------------------------------------------------------------------------------------------------------------------------------
