---------------------------------------------------------------------------------------------------------------------------------------------------------------------------------------
  Bin Id                         Marker lineage            # genomes   # markers   # marker sets    0     1    2    3    4   5+   Completeness   Contamination   Strain heterogeneity  
---------------------------------------------------------------------------------------------------------------------------------------------------------------------------------------
  3715.job1.output.22      o__Bacteroidales (UID2617)         213         406           265         2    401   3    0    0   0       99.43            0.75               0.00          
  3715.job1.output.28      o__Clostridiales (UID1226)         155         278           158         3    272   3    0    0   0       98.10            1.58               0.00          
  3715.job1.output.25      o__Bacteroidales (UID2621)         198         427           260         54   371   2    0    0   0       97.57            0.51               0.00          
  3715.job1.output.20      p__Bacteroidetes (UID2605)         350         314           208         22   277   15   0    0   0       96.89            5.96              60.00          
  3715.job1.output.35        k__Bacteria (UID2982)             88         229           147         6    223   0    0    0   0       96.60            0.00               0.00          
  3715.job1.output.10      o__Clostridiales (UID1226)         155         278           158         15   251   12   0    0   0       94.67            2.37               0.00          
  3715.job1.output.34   c__Deltaproteobacteria (UID3218)       61         284           169         13   270   1    0    0   0       94.08            0.59               0.00          
  3715.job1.output.39       c__Clostridia (UID1118)           387         223           124         21   202   0    0    0   0       88.71            0.00               0.00          
  3715.job1.output.24      o__Bacteroidales (UID2617)         213         406           265         39   367   0    0    0   0       88.68            0.00               0.00          
  3715.job1.output.17      o__Bacteroidales (UID2617)         213         406           265         93   176   91   36   9   1       80.74           52.15               9.89          
  3715.job1.output.11      o__Bacteroidales (UID2617)         213         406           265        109   265   29   3    0   0       80.32           11.51               0.00          
  3715.job1.output.30      o__Bacteroidales (UID2617)         213         406           265         92   313   1    0    0   0       72.70            0.38               0.00          
  3715.job1.output.18         k__Bacteria (UID203)            5449        101            56         57    21   23   0    0   0       66.56           37.50              56.52          
  3715.job1.output.14             root (UID1)                 5656         56            24         39    1    15   1    0   0       63.54           66.67              77.78          
  3715.job1.output.4          k__Bacteria (UID203)            5449        104            58         62    35   6    1    0   0       61.38           12.93               0.00          
  3715.job1.output.6       p__Bacteroidetes (UID2605)         350         314           208        142   171   1    0    0   0       53.84            0.16               0.00          
  3715.job1.output.33          k__Archaea (UID2)              207         149           107         69    49   22   8    1   0       51.88           16.79              17.31          
  3715.job1.output.32        k__Bacteria (UID1453)            901         171           117         80    91   0    0    0   0       48.43            0.00               0.00          
  3715.job1.output.21      o__Bacteroidales (UID2716)          92         487           270        256   231   0    0    0   0       45.00            0.00               0.00          
  3715.job1.output.2          k__Bacteria (UID203)            5449        104            58         75    29   0    0    0   0       40.99            0.00               0.00          
  3715.job1.output.29         k__Bacteria (UID203)            5449        104            58         79    25   0    0    0   0       40.52            0.00               0.00          
  3715.job1.output.26         k__Bacteria (UID203)            5449        104            58         84    19   1    0    0   0       31.90            1.72               0.00          
  3715.job1.output.9       o__Clostridiales (UID1212)         172         263           149        183    80   0    0    0   0       28.18            0.00               0.00          
  3715.job1.output.27         k__Bacteria (UID203)            5449        104            58         88    16   0    0    0   0       24.14            0.00               0.00          
  3715.job1.output.13         k__Bacteria (UID203)            5449        104            58         90    14   0    0    0   0       20.69            0.00               0.00          
  3715.job1.output.15         k__Bacteria (UID203)            5449        104            58         91    13   0    0    0   0       17.24            0.00               0.00          
  3715.job1.output.23         k__Bacteria (UID203)            5449        103            57         95    8    0    0    0   0       12.28            0.00               0.00          
  3715.job1.output.12         k__Bacteria (UID203)            5449        104            58         99    5    0    0    0   0        8.62            0.00               0.00          
  3715.job1.output.1          k__Bacteria (UID203)            5449        104            58         99    5    0    0    0   0        8.62            0.00               0.00          
  3715.job1.output.8           k__Archaea (UID2)              207         149           107        137    11   1    0    0   0        8.57            0.93               0.00          
  3715.job1.output.3          k__Bacteria (UID203)            5449        104            58        100    4    0    0    0   0        6.90            0.00               0.00          
  3715.job1.output.7              root (UID1)                 5656         56            24         55    1    0    0    0   0        4.17            0.00               0.00          
  3715.job1.output.19         k__Bacteria (UID203)            5449        104            58        101    3    0    0    0   0        0.85            0.00               0.00          
  3715.job1.output.5              root (UID1)                 5656         56            24         56    0    0    0    0   0        0.00            0.00               0.00          
  3715.job1.output.38             root (UID1)                 5656         56            24         56    0    0    0    0   0        0.00            0.00               0.00          
  3715.job1.output.37             root (UID1)                 5656         56            24         56    0    0    0    0   0        0.00            0.00               0.00          
  3715.job1.output.36             root (UID1)                 5656         56            24         56    0    0    0    0   0        0.00            0.00               0.00          
  3715.job1.output.31             root (UID1)                 5656         56            24         56    0    0    0    0   0        0.00            0.00               0.00          
  3715.job1.output.16             root (UID1)                 5656         56            24         56    0    0    0    0   0        0.00            0.00               0.00          
---------------------------------------------------------------------------------------------------------------------------------------------------------------------------------------
