---------------------------------------------------------------------------------------------------------------------------------------------------------------------------------------
  Bin Id                         Marker lineage            # genomes   # markers   # marker sets    0     1    2    3    4   5+   Completeness   Contamination   Strain heterogeneity  
---------------------------------------------------------------------------------------------------------------------------------------------------------------------------------------
  3715.job1.output.3       o__Bacteroidales (UID2617)         213         406           265         2    403   1    0    0   0       99.43            0.38              100.00         
  3715.job1.output.1       o__Bacteroidales (UID2621)         198         427           260         2    423   2    0    0   0       99.42            0.51               0.00          
  3715.job1.output.22      o__Clostridiales (UID1226)         155         278           158         3    271   4    0    0   0       98.10            1.74               0.00          
  3715.job1.output.7         k__Bacteria (UID2982)             88         229           147         6    223   0    0    0   0       96.60            0.00               0.00          
  3715.job1.output.36      o__Clostridiales (UID1226)         155         278           158         9    265   4    0    0   0       95.57            2.22               0.00          
  3715.job1.output.13      p__Bacteroidetes (UID2605)         350         314           208         44   258   12   0    0   0       95.53            4.67              41.67          
  3715.job1.output.26   c__Deltaproteobacteria (UID3218)       61         284           169         38   245   1    0    0   0       95.41            0.59               0.00          
  3715.job1.output.19         k__Bacteria (UID203)            5449        104            58         38    4    62   0    0   0       86.83           86.21              72.58          
  3715.job1.output.35         k__Bacteria (UID203)            5449        101            56         39    40   22   0    0   0       85.88           36.61              50.00          
  3715.job1.output.33      o__Bacteroidales (UID2621)         198         427           260         82   248   85   12   0   0       85.37           23.57               5.79          
  3715.job1.output.11      o__Bacteroidales (UID2617)         213         406           265        103   277   24   2    0   0       83.88            8.38               3.33          
  3715.job1.output.21      o__Bacteroidales (UID2617)         213         406           265         69   336   1    0    0   0       79.12            0.38               0.00          
  3715.job1.output.31      o__Bacteroidales (UID2617)         213         406           265        104   301   1    0    0   0       78.87            0.38              100.00         
  3715.job1.output.6         k__Bacteria (UID1453)            901         171           117         38   132   1    0    0   0       73.33            0.85               0.00          
  3715.job1.output.17       c__Clostridia (UID1118)           387         223           124        128    95   0    0    0   0       50.34            0.00               0.00          
  3715.job1.output.14          k__Archaea (UID2)              207         149           107         72    46   22   8    1   0       49.78           17.88              17.31          
  3715.job1.output.28         k__Bacteria (UID203)            5449        104            58         67    37   0    0    0   0       49.40            0.00               0.00          
  3715.job1.output.16      o__Bacteroidales (UID2716)          92         487           270        251   236   0    0    0   0       46.85            0.00               0.00          
  3715.job1.output.34         k__Bacteria (UID203)            5449        104            58         72    23   9    0    0   0       42.41           12.07               0.00          
  3715.job1.output.24       c__Clostridia (UID1118)           387         223           124        109   114   0    0    0   0       41.60            0.00               0.00          
  3715.job1.output.37         k__Bacteria (UID203)            5449        104            58         77    27   0    0    0   0       40.00            0.00               0.00          
  3715.job1.output.25         k__Bacteria (UID203)            5449        103            57         72    24   4    3    0   0       38.92           12.63              23.08          
  3715.job1.output.29         k__Bacteria (UID203)            5449        104            58         77    26   1    0    0   0       35.52            1.72               0.00          
  3715.job1.output.10      o__Clostridiales (UID1212)         172         263           149        171    92   0    0    0   0       34.67            0.00               0.00          
  3715.job1.output.23         k__Bacteria (UID203)            5449        104            58         81    22   1    0    0   0       28.97            1.72              100.00         
  3715.job1.output.27         k__Bacteria (UID203)            5449        104            58         88    16   0    0    0   0       23.43            0.00               0.00          
  3715.job1.output.4       o__Bacteroidales (UID2617)         213         406           265        308    98   0    0    0   0       19.06            0.00               0.00          
  3715.job1.output.9          k__Bacteria (UID203)            5449        104            58         94    10   0    0    0   0       15.52            0.00               0.00          
  3715.job1.output.12         k__Bacteria (UID203)            5449        104            58         94    10   0    0    0   0       15.52            0.00               0.00          
  3715.job1.output.5          k__Bacteria (UID203)            5449        104            58         95    9    0    0    0   0       13.79            0.00               0.00          
  3715.job1.output.18          k__Archaea (UID2)              207         149           107        129    20   0    0    0   0       12.46            0.00               0.00          
  3715.job1.output.15         k__Bacteria (UID203)            5449        103            57         96    7    0    0    0   0       10.53            0.00               0.00          
  3715.job1.output.30         k__Bacteria (UID203)            5449        104            58         97    7    0    0    0   0       10.34            0.00               0.00          
  3715.job1.output.2          k__Bacteria (UID203)            5449        104            58         99    5    0    0    0   0        6.90            0.00               0.00          
  3715.job1.output.8              root (UID1)                 5656         56            24         55    1    0    0    0   0        4.17            0.00               0.00          
  3715.job1.output.32             root (UID1)                 5656         56            24         56    0    0    0    0   0        0.00            0.00               0.00          
  3715.job1.output.20             root (UID1)                 5656         56            24         56    0    0    0    0   0        0.00            0.00               0.00          
---------------------------------------------------------------------------------------------------------------------------------------------------------------------------------------
