-------------------------------------------------------------------------------------------------------------------------------------------------------------------------------
  Bin Id                     Marker lineage         # genomes   # markers   # marker sets    0     1    2    3   4   5+   Completeness   Contamination   Strain heterogeneity  
-------------------------------------------------------------------------------------------------------------------------------------------------------------------------------
  3715.job1.output.8   o__Bacteroidales (UID2621)      198         427           260         2    423   2    0   0   0       99.42            0.51               0.00          
  3715.job1.output.6     k__Bacteria (UID2982)          88         229           147         4    225   0    0   0   0       97.28            0.00               0.00          
  3715.job1.output.4   o__Bacteroidales (UID2617)      213         406           265         20   382   4    0   0   0       95.24            1.07              50.00          
  3715.job1.output.2      k__Bacteria (UID203)         5449        104            58         32    4    68   0   0   0       92.01           91.38              73.53          
  3715.job1.output.5   o__Bacteroidales (UID2617)      213         406           265         78   324   4    0   0   0       87.80            1.23              75.00          
  3715.job1.output.3   o__Bacteroidales (UID2716)       92         487           270        169   318   0    0   0   0       60.17            0.00               0.00          
  3715.job1.output.7      k__Bacteria (UID203)         5449        104            58         69    35   0    0   0   0       47.57            0.00               0.00          
  3715.job1.output.1      k__Bacteria (UID203)         5449        104            58         83    21   0    0   0   0       31.03            0.00               0.00          
  3715.job1.output.9          root (UID1)              5656         56            24         56    0    0    0   0   0        0.00            0.00               0.00          
-------------------------------------------------------------------------------------------------------------------------------------------------------------------------------
