-----------------------------------------------------------------------------------------------------------------------------------------------------------------------------------------
  Bin Id                         Marker lineage            # genomes   # markers   # marker sets    0     1     2    3    4    5+   Completeness   Contamination   Strain heterogeneity  
-----------------------------------------------------------------------------------------------------------------------------------------------------------------------------------------
  3715.job3.output.14      o__Bacteroidales (UID2617)         213         406           265         2    403    1    0    0    0       99.43            0.38              100.00         
  3715.job3.output.2       o__Bacteroidales (UID2621)         198         427           260         2    423    2    0    0    0       99.42            0.51               0.00          
  3715.job3.output.28      o__Clostridiales (UID1226)         155         278           158         1    273    4    0    0    0       99.37            1.74               0.00          
  3715.job3.output.29       g__Bacteroides (UID2691)           33         839           309         30   305   496   8    0    0       98.81           63.43              42.88          
  3715.job3.output.15      p__Bacteroidetes (UID2605)         350         314           208         35   267    12   0    0    0       98.08            3.90              50.00          
  3715.job3.output.34        k__Bacteria (UID2982)             88         229           147         3    226    0    0    0    0       97.96            0.00               0.00          
  3715.job3.output.12      o__Bacteroidales (UID2617)         213         406           265         8    396    2    0    0    0       97.36            0.20              100.00         
  3715.job3.output.8    c__Deltaproteobacteria (UID3218)       61         284           169         32   251    1    0    0    0       96.66            0.59               0.00          
  3715.job3.output.18      o__Clostridiales (UID1226)         155         278           158         11   254    13   0    0    0       94.94            4.60               0.00          
  3715.job3.output.39    f__Mycoplasmataceae (UID2414)         89         228           130         22   101   102   2    1    0       93.05           60.65              49.12          
  3715.job3.output.33      o__Bacteroidales (UID2617)         213         406           265         65   207   114   19   1    0       89.72           43.83               2.82          
  3715.job3.output.19         k__Bacteria (UID203)            5449        104            58         27    18    18   25   10   6       87.15           159.70             13.16          
  3715.job3.output.35        k__Bacteria (UID1453)            901         171           117         20   148    3    0    0    0       85.01            2.56              66.67          
  3715.job3.output.31      o__Bacteroidales (UID2657)         160         492           269        134   349    9    0    0    0       79.11            2.18              55.56          
  3715.job3.output.22      o__Bacteroidales (UID2617)         213         406           265         80   325    1    0    0    0       77.61            0.38               0.00          
  3715.job3.output.6        c__Clostridia (UID1118)           387         223           124         78   145    0    0    0    0       61.69            0.00               0.00          
  3715.job3.output.10      p__Bacteroidetes (UID2605)         350         314           208        123   162    29   0    0    0       57.93            5.51              55.17          
  3715.job3.output.30          k__Archaea (UID2)              207         149           107         63    48    27   9    2    0       54.76           22.32              16.67          
  3715.job3.output.17      o__Clostridiales (UID1212)         172         263           149        120   140    3    0    0    0       51.70            1.34              33.33          
  3715.job3.output.20         k__Bacteria (UID203)            5449        104            58         68    36    0    0    0    0       51.21            0.00               0.00          
  3715.job3.output.3       o__Bacteroidales (UID2657)         160         492           269        236   229    25   2    0    0       49.14            5.69               6.45          
  3715.job3.output.7       o__Bacteroidales (UID2716)          92         487           270        280   207    0    0    0    0       39.44            0.00               0.00          
  3715.job3.output.4       o__Bacteroidales (UID2657)         160         492           269        298   194    0    0    0    0       38.83            0.00               0.00          
  3715.job3.output.27         k__Bacteria (UID203)            5449        104            58         75    28    1    0    0    0       36.99            0.86               0.00          
  3715.job3.output.23      o__Bacteroidales (UID2657)         160         492           269        309   183    0    0    0    0       35.69            0.00               0.00          
  3715.job3.output.41         k__Bacteria (UID203)            5449        104            58         81    23    0    0    0    0       32.76            0.00               0.00          
  3715.job3.output.5          k__Bacteria (UID203)            5449        104            58         79    25    0    0    0    0       32.68            0.00               0.00          
  3715.job3.output.25         k__Bacteria (UID203)            5449        104            58         83    21    0    0    0    0       31.03            0.00               0.00          
  3715.job3.output.40         k__Bacteria (UID203)            5449        103            57         80    23    0    0    0    0       30.30            0.00               0.00          
  3715.job3.output.42          k__Archaea (UID2)              207         149           107        112    32    5    0    0    0       25.77            4.21              40.00          
  3715.job3.output.36         k__Bacteria (UID203)            5449        104            58         87    17    0    0    0    0       24.14            0.00               0.00          
  3715.job3.output.26         k__Bacteria (UID203)            5449        104            58         89    15    0    0    0    0       18.97            0.00               0.00          
  3715.job3.output.32         k__Bacteria (UID203)            5449        104            58         93    11    0    0    0    0       17.24            0.00               0.00          
  3715.job3.output.11         k__Bacteria (UID203)            5449        104            58         95    9     0    0    0    0       13.79            0.00               0.00          
  3715.job3.output.13             root (UID1)                 5656         56            24         53    3     0    0    0    0       12.50            0.00               0.00          
  3715.job3.output.44         k__Bacteria (UID203)            5449        104            58         96    8     0    0    0    0       11.21            0.00               0.00          
  3715.job3.output.16         k__Bacteria (UID203)            5449        103            57        100    3     0    0    0    0        5.26            0.00               0.00          
  3715.job3.output.9              root (UID1)                 5656         56            24         55    1     0    0    0    0        4.17            0.00               0.00          
  3715.job3.output.43             root (UID1)                 5656         56            24         55    1     0    0    0    0        4.17            0.00               0.00          
  3715.job3.output.38             root (UID1)                 5656         56            24         56    0     0    0    0    0        0.00            0.00               0.00          
  3715.job3.output.37             root (UID1)                 5656         56            24         56    0     0    0    0    0        0.00            0.00               0.00          
  3715.job3.output.24             root (UID1)                 5656         56            24         56    0     0    0    0    0        0.00            0.00               0.00          
  3715.job3.output.21             root (UID1)                 5656         56            24         56    0     0    0    0    0        0.00            0.00               0.00          
  3715.job3.output.1              root (UID1)                 5656         56            24         56    0     0    0    0    0        0.00            0.00               0.00          
-----------------------------------------------------------------------------------------------------------------------------------------------------------------------------------------
