---------------------------------------------------------------------------------------------------------------------------------------------------------------------------------------
  Bin Id                         Marker lineage            # genomes   # markers   # marker sets    0     1    2    3    4   5+   Completeness   Contamination   Strain heterogeneity  
---------------------------------------------------------------------------------------------------------------------------------------------------------------------------------------
  3715.job2.output.18      o__Bacteroidales (UID2617)         213         406           265         2    402   2    0    0   0       99.43            0.75              100.00         
  3715.job2.output.1       o__Bacteroidales (UID2621)         198         427           260         2    423   2    0    0   0       99.42            0.51               0.00          
  3715.job2.output.17      o__Clostridiales (UID1226)         155         278           158         3    271   4    0    0   0       98.10            1.74               0.00          
  3715.job2.output.40        k__Bacteria (UID2982)             88         229           147         6    223   0    0    0   0       96.60            0.00               0.00          
  3715.job2.output.23      p__Bacteroidetes (UID2605)         350         314           208         43   266   5    0    0   0       96.01            1.63              40.00          
  3715.job2.output.12      o__Clostridiales (UID1226)         155         278           158         9    259   10   0    0   0       95.57            5.17               0.00          
  3715.job2.output.3    c__Deltaproteobacteria (UID3218)       61         284           169         38   245   1    0    0   0       95.41            0.59               0.00          
  3715.job2.output.21      o__Bacteroidales (UID2617)         213         406           265         28   377   1    0    0   0       90.31            0.38               0.00          
  3715.job2.output.22         k__Bacteria (UID203)            5449        101            56         36    40   25   0    0   0       89.45           41.96              44.00          
  3715.job2.output.33      o__Bacteroidales (UID2657)         160         492           269         80   365   47   0    0   0       86.03            9.02              40.43          
  3715.job2.output.30         k__Bacteria (UID203)            5449        104            58         45    51   8    0    0   0       81.03           12.07              100.00         
  3715.job2.output.24      o__Bacteroidales (UID2617)         213         406           265         98   307   1    0    0   0       80.38            0.38              100.00         
  3715.job2.output.8         k__Bacteria (UID1453)            901         171           117         32   138   1    0    0   0       77.61            0.85               0.00          
  3715.job2.output.25         k__Bacteria (UID203)            5449        104            58         38    22   31   13   0   0       76.02           72.70              14.29          
  3715.job2.output.4          k__Bacteria (UID203)            5449        104            58         54    41   9    0    0   0       71.00           13.79               0.00          
  3715.job2.output.19       c__Clostridia (UID1118)           387         223           124        103   120   0    0    0   0       64.92            0.00               0.00          
  3715.job2.output.29         k__Bacteria (UID203)            5449        104            58         63    38   3    0    0   0       56.21            5.17               0.00          
  3715.job2.output.35         k__Bacteria (UID203)            5449        104            58         65    39   0    0    0   0       52.85            0.00               0.00          
  3715.job2.output.9       o__Bacteroidales (UID2657)         160         492           269        239   232   20   1    0   0       50.72            3.89               4.35          
  3715.job2.output.34      p__Bacteroidetes (UID2605)         350         314           208        165   147   2    0    0   0       49.28            0.96               0.00          
  3715.job2.output.10      o__Bacteroidales (UID2716)          92         487           270        251   236   0    0    0   0       46.85            0.00               0.00          
  3715.job2.output.16          k__Archaea (UID2)              207         149           107         79    49   21   0    0   0       43.70            8.05              19.05          
  3715.job2.output.28         k__Bacteria (UID203)            5449        104            58         75    28   1    0    0   0       43.45            1.72              100.00         
  3715.job2.output.27      o__Clostridiales (UID1212)         172         263           149        153   110   0    0    0   0       42.73            0.00               0.00          
  3715.job2.output.5          k__Bacteria (UID203)            5449        104            58         85    19   0    0    0   0       28.61            0.00               0.00          
  3715.job2.output.11       c__Clostridia (UID1118)           387         223           124        133    90   0    0    0   0       27.82            0.00               0.00          
  3715.job2.output.20         k__Bacteria (UID203)            5449        104            58         90    14   0    0    0   0       20.69            0.00               0.00          
  3715.job2.output.37         k__Bacteria (UID203)            5449        104            58         87    16   1    0    0   0       19.97            1.72               0.00          
  3715.job2.output.7       o__Bacteroidales (UID2617)         213         406           265        314    92   0    0    0   0       17.55            0.00               0.00          
  3715.job2.output.13         k__Bacteria (UID203)            5449        103            57         90    13   0    0    0   0       17.54            0.00               0.00          
  3715.job2.output.14          k__Archaea (UID2)              207         149           107        123    25   1    0    0   0       17.13            0.93               0.00          
  3715.job2.output.36         k__Bacteria (UID203)            5449        104            58         95    9    0    0    0   0       13.79            0.00               0.00          
  3715.job2.output.2           k__Archaea (UID2)              207         149           107        125    24   0    0    0   0       12.81            0.00               0.00          
  3715.job2.output.26         k__Bacteria (UID203)            5449        104            58         97    7    0    0    0   0       11.21            0.00               0.00          
  3715.job2.output.31         k__Bacteria (UID203)            5449        104            58         97    7    0    0    0   0       10.34            0.00               0.00          
  3715.job2.output.15             root (UID1)                 5656         56            24         54    2    0    0    0   0        8.33            0.00               0.00          
  3715.job2.output.38          k__Archaea (UID2)              207         149           107        141    5    2    1    0   0        3.95            2.80              20.00          
  3715.job2.output.6              root (UID1)                 5656         56            24         56    0    0    0    0   0        0.00            0.00               0.00          
  3715.job2.output.39             root (UID1)                 5656         56            24         56    0    0    0    0   0        0.00            0.00               0.00          
  3715.job2.output.32             root (UID1)                 5656         56            24         56    0    0    0    0   0        0.00            0.00               0.00          
---------------------------------------------------------------------------------------------------------------------------------------------------------------------------------------
