----------------------------------------------------------------------------------------------------------------------------------------------------------------------------------------
  Bin Id                         Marker lineage            # genomes   # markers   # marker sets    0     1    2    3    4    5+   Completeness   Contamination   Strain heterogeneity  
----------------------------------------------------------------------------------------------------------------------------------------------------------------------------------------
  3715.job3.output.38      o__Bacteroidales (UID2617)         213         406           265         2    403   1    0    0    0       99.43            0.38              100.00         
  3715.job3.output.24      o__Bacteroidales (UID2617)         213         406           265         6    399   1    0    0    0       98.11            0.19              100.00         
  3715.job3.output.6       o__Clostridiales (UID1226)         155         278           158         3    271   4    0    0    0       98.10            1.74               0.00          
  3715.job3.output.4         k__Bacteria (UID2982)             88         229           147         3    226   0    0    0    0       97.96            0.00               0.00          
  3715.job3.output.36      o__Bacteroidales (UID2621)         198         427           260         12   413   2    0    0    0       97.12            0.51               0.00          
  3715.job3.output.15   c__Deltaproteobacteria (UID3218)       61         284           169         35   248   1    0    0    0       96.60            0.59               0.00          
  3715.job3.output.13      p__Bacteroidetes (UID2605)         350         314           208         36   268   10   0    0    0       96.51            4.03              40.00          
  3715.job3.output.1       o__Clostridiales (UID1226)         155         278           158         9    262   7    0    0    0       95.57            2.49               0.00          
  3715.job3.output.18         k__Bacteria (UID203)            5449        104            58         25    17   17   20   15   10      88.71           189.87             12.06          
  3715.job3.output.5          k__Bacteria (UID203)            5449        101            56         40    39   22   0    0    0       87.66           35.71              54.55          
  3715.job3.output.19         k__Bacteria (UID203)            5449        104            58         42    2    59   1    0    0       86.21           87.24              69.35          
  3715.job3.output.33        k__Bacteria (UID1453)            901         171           117         27   143   1    0    0    0       82.05            0.85               0.00          
  3715.job3.output.22       c__Clostridia (UID1118)           387         223           124         52   171   0    0    0    0       75.40            0.00               0.00          
  3715.job3.output.40      o__Bacteroidales (UID2617)         213         406           265        113   292   1    0    0    0       67.99            0.38               0.00          
  3715.job3.output.25      o__Bacteroidales (UID2617)         213         406           265        158   233   15   0    0    0       63.78            3.73               6.67          
  3715.job3.output.10      p__Bacteroidetes (UID2605)         350         314           208        134   165   15   0    0    0       58.75            5.61              13.33          
  3715.job3.output.9       o__Bacteroidales (UID2621)         198         427           260        188   203   33   3    0    0       57.84            9.82               0.00          
  3715.job3.output.20      o__Clostridiales (UID1212)         172         263           149        114   146   3    0    0    0       54.04            1.34              33.33          
  3715.job3.output.16          k__Archaea (UID2)              207         149           107         66    48   25   9    1    0       52.43           19.90              13.79          
  3715.job3.output.29      o__Bacteroidales (UID2657)         160         492           269        234   228   28   2    0    0       51.29            6.79               5.88          
  3715.job3.output.11         k__Bacteria (UID203)            5449        104            58         69    35   0    0    0    0       50.82            0.00               0.00          
  3715.job3.output.28      o__Bacteroidales (UID2716)          92         487           270        256   231   0    0    0    0       45.00            0.00               0.00          
  3715.job3.output.30         k__Bacteria (UID203)            5449        104            58         75    29   0    0    0    0       42.55            0.00               0.00          
  3715.job3.output.27         k__Bacteria (UID203)            5449        104            58         75    29   0    0    0    0       36.99            0.00               0.00          
  3715.job3.output.2       o__Bacteroidales (UID2716)          92         487           270        330   157   0    0    0    0       32.78            0.00               0.00          
  3715.job3.output.32         k__Bacteria (UID203)            5449        104            58         79    25   0    0    0    0       32.68            0.00               0.00          
  3715.job3.output.7          k__Bacteria (UID203)            5449        104            58         81    23   0    0    0    0       31.03            0.00               0.00          
  3715.job3.output.14         k__Bacteria (UID203)            5449        104            58         85    19   0    0    0    0       27.59            0.00               0.00          
  3715.job3.output.8           k__Archaea (UID2)              207         149           107        112    32   5    0    0    0       26.40            4.67              40.00          
  3715.job3.output.17         k__Bacteria (UID203)            5449        104            58         91    13   0    0    0    0       18.97            0.00               0.00          
  3715.job3.output.34         k__Bacteria (UID203)            5449        104            58         91    13   0    0    0    0       18.10            0.00               0.00          
  3715.job3.output.31         k__Bacteria (UID203)            5449        103            57         90    13   0    0    0    0       15.39            0.00               0.00          
  3715.job3.output.21         k__Bacteria (UID203)            5449        103            57         93    10   0    0    0    0       14.91            0.00               0.00          
  3715.job3.output.37         k__Bacteria (UID203)            5449        103            57         94    9    0    0    0    0       12.28            0.00               0.00          
  3715.job3.output.3          k__Bacteria (UID203)            5449        104            58         97    7    0    0    0    0       10.34            0.00               0.00          
  3715.job3.output.23             root (UID1)                 5656         56            24         54    2    0    0    0    0        8.33            0.00               0.00          
  3715.job3.output.12             root (UID1)                 5656         56            24         55    1    0    0    0    0        4.17            0.00               0.00          
  3715.job3.output.41             root (UID1)                 5656         56            24         56    0    0    0    0    0        0.00            0.00               0.00          
  3715.job3.output.39             root (UID1)                 5656         56            24         56    0    0    0    0    0        0.00            0.00               0.00          
  3715.job3.output.35             root (UID1)                 5656         56            24         56    0    0    0    0    0        0.00            0.00               0.00          
  3715.job3.output.26             root (UID1)                 5656         56            24         56    0    0    0    0    0        0.00            0.00               0.00          
----------------------------------------------------------------------------------------------------------------------------------------------------------------------------------------
