---------------------------------------------------------------------------------------------------------------------------------------------------------------------------------
  Bin Id                      Marker lineage         # genomes   # markers   # marker sets    0     1     2    3   4   5+   Completeness   Contamination   Strain heterogeneity  
---------------------------------------------------------------------------------------------------------------------------------------------------------------------------------
  3715.job3.output.13    g__Bacteroides (UID2691)        33         839           309         39   545   254   1   0   0       98.33           34.14              41.63          
  3715.job3.output.5      k__Bacteria (UID2982)          88         229           147         4    225    0    0   0   0       97.28            0.00               0.00          
  3715.job3.output.1    o__Bacteroidales (UID2617)      213         406           265         13   386    7    0   0   0       96.23            1.28              71.43          
  3715.job3.output.12   o__Bacteroidales (UID2617)      213         406           265         29   361    16   0   0   0       93.85            2.99              37.50          
  3715.job3.output.14      k__Bacteria (UID203)         5449        104            58         47    51    6    0   0   0       70.77            3.61              33.33          
  3715.job3.output.6    o__Bacteroidales (UID2657)      160         492           269        146   346    0    0   0   0       67.67            0.00               0.00          
  3715.job3.output.3    o__Bacteroidales (UID2716)       92         487           270        182   305    0    0   0   0       57.41            0.00               0.00          
  3715.job3.output.10      k__Bacteria (UID203)         5449        104            58         69    35    0    0   0   0       51.72            0.00               0.00          
  3715.job3.output.8    o__Bacteroidales (UID2621)      198         427           260        203   224    0    0   0   0       46.92            0.00               0.00          
  3715.job3.output.11      k__Bacteria (UID203)         5449        104            58         83    21    0    0   0   0       31.03            0.00               0.00          
  3715.job3.output.2       k__Bacteria (UID203)         5449        103            58         75    28    0    0   0   0       29.25            0.00               0.00          
  3715.job3.output.9           root (UID1)              5656         56            24         56    0     0    0   0   0        0.00            0.00               0.00          
  3715.job3.output.7           root (UID1)              5656         56            24         56    0     0    0   0   0        0.00            0.00               0.00          
  3715.job3.output.4           root (UID1)              5656         56            24         56    0     0    0   0   0        0.00            0.00               0.00          
---------------------------------------------------------------------------------------------------------------------------------------------------------------------------------
