---------------------------------------------------------------------------------------------------------------------------------------------------------------------------------------
  Bin Id                         Marker lineage            # genomes   # markers   # marker sets    0     1    2    3    4   5+   Completeness   Contamination   Strain heterogeneity  
---------------------------------------------------------------------------------------------------------------------------------------------------------------------------------------
  3715.job1.output.4       o__Bacteroidales (UID2617)         213         406           265         2    403   1    0    0   0       99.43            0.38              100.00         
  3715.job1.output.6       o__Bacteroidales (UID2617)         213         406           265         6    399   1    0    0   0       98.11            0.19              100.00         
  3715.job1.output.23      o__Clostridiales (UID1226)         155         278           158         5    269   4    0    0   0       96.84            1.74               0.00          
  3715.job1.output.10      o__Bacteroidales (UID2621)         198         427           260         13   413   1    0    0   0       96.73            0.13               0.00          
  3715.job1.output.1         k__Bacteria (UID2982)             88         229           147         6    223   0    0    0   0       96.60            0.00               0.00          
  3715.job1.output.16      p__Bacteroidetes (UID2605)         350         314           208         39   263   12   0    0   0       95.61            4.19              41.67          
  3715.job1.output.14      o__Clostridiales (UID1226)         155         278           158         9    263   6    0    0   0       95.57            3.48               0.00          
  3715.job1.output.8    c__Deltaproteobacteria (UID3218)       61         284           169         38   244   2    0    0   0       95.41            0.89               0.00          
  3715.job1.output.11       c__Clostridia (UID1118)           387         223           124         14   209   0    0    0   0       91.94            0.00               0.00          
  3715.job1.output.19      o__Bacteroidales (UID2621)         198         427           260         73   255   87   12   0   0       87.16           24.43               6.50          
  3715.job1.output.31         k__Bacteria (UID203)            5449        104            58         44    45   15   0    0   0       85.52           24.14              40.00          
  3715.job1.output.13         k__Bacteria (UID203)            5449        101            56         44    35   22   0    0   0       82.31           36.61              50.00          
  3715.job1.output.35        k__Bacteria (UID1453)            901         171           117         37   134   0    0    0   0       74.79            0.00               0.00          
  3715.job1.output.25      o__Bacteroidales (UID2617)         213         406           265        106   299   1    0    0   0       69.69            0.38               0.00          
  3715.job1.output.33         k__Bacteria (UID203)            5449        104            58         55    40   9    0    0   0       69.28           13.79               0.00          
  3715.job1.output.2          k__Bacteria (UID203)            5449        104            58         57    47   0    0    0   0       62.07            0.00               0.00          
  3715.job1.output.15          k__Archaea (UID2)              207         149           107         74    48   18   8    1   0       48.22           15.47              12.50          
  3715.job1.output.28      o__Bacteroidales (UID2716)          92         487           270        256   231   0    0    0   0       45.00            0.00               0.00          
  3715.job1.output.7          k__Bacteria (UID203)            5449        104            58         69    26   7    2    0   0       44.45           12.41              23.08          
  3715.job1.output.22         k__Bacteria (UID203)            5449        104            58         74    30   0    0    0   0       43.57            0.00               0.00          
  3715.job1.output.36         k__Bacteria (UID203)            5449        104            58         76    28   0    0    0   0       37.24            0.00               0.00          
  3715.job1.output.18         k__Bacteria (UID203)            5449        104            58         81    23   0    0    0   0       35.34            0.00               0.00          
  3715.job1.output.21      o__Clostridiales (UID1212)         172         263           149        170    92   1    0    0   0       34.83            0.67               0.00          
  3715.job1.output.29      o__Bacteroidales (UID2716)          92         487           270        338   149   0    0    0   0       30.00            0.00               0.00          
  3715.job1.output.26         k__Bacteria (UID203)            5449        104            58         85    19   0    0    0   0       27.59            0.00               0.00          
  3715.job1.output.9          k__Bacteria (UID203)            5449        104            58         88    15   1    0    0   0       22.41            1.72              100.00         
  3715.job1.output.32         k__Bacteria (UID203)            5449        104            58         89    14   1    0    0   0       19.14            1.72               0.00          
  3715.job1.output.34         k__Bacteria (UID203)            5449        104            58         93    11   0    0    0   0       16.38            0.00               0.00          
  3715.job1.output.30         k__Bacteria (UID203)            5449        104            58         95    9    0    0    0   0       13.79            0.00               0.00          
  3715.job1.output.12          k__Archaea (UID2)              207         149           107        130    19   0    0    0   0       12.15            0.00               0.00          
  3715.job1.output.5          k__Bacteria (UID203)            5449        104            58         96    8    0    0    0   0       10.34            0.00               0.00          
  3715.job1.output.17             root (UID1)                 5656         56            24         55    1    0    0    0   0        4.17            0.00               0.00          
  3715.job1.output.3           k__Archaea (UID2)              207         145           103        140    5    0    0    0   0        3.24            0.00               0.00          
  3715.job1.output.27             root (UID1)                 5656         56            24         56    0    0    0    0   0        0.00            0.00               0.00          
  3715.job1.output.24             root (UID1)                 5656         56            24         56    0    0    0    0   0        0.00            0.00               0.00          
  3715.job1.output.20             root (UID1)                 5656         56            24         56    0    0    0    0   0        0.00            0.00               0.00          
---------------------------------------------------------------------------------------------------------------------------------------------------------------------------------------
