---------------------------------------------------------------------------------------------------------------------------------------------------------------------------------------
  Bin Id                         Marker lineage            # genomes   # markers   # marker sets    0     1    2    3    4   5+   Completeness   Contamination   Strain heterogeneity  
---------------------------------------------------------------------------------------------------------------------------------------------------------------------------------------
  3715.job2.output.33      o__Bacteroidales (UID2617)         213         406           265         2    403   1    0    0   0       99.43            0.38              100.00         
  3715.job2.output.4       o__Bacteroidales (UID2621)         198         427           260         12   413   2    0    0   0       97.12            0.51               0.00          
  3715.job2.output.2       o__Clostridiales (UID1226)         155         278           158         5    269   4    0    0   0       96.84            1.74               0.00          
  3715.job2.output.10        k__Bacteria (UID2982)             88         229           147         6    223   0    0    0   0       96.60            0.00               0.00          
  3715.job2.output.19      o__Clostridiales (UID1226)         155         278           158         9    264   5    0    0   0       95.57            2.85               0.00          
  3715.job2.output.15   c__Deltaproteobacteria (UID3218)       61         284           169         38   245   1    0    0   0       95.41            0.59               0.00          
  3715.job2.output.11      p__Bacteroidetes (UID2605)         350         314           208         47   259   8    0    0   0       93.21            2.75              50.00          
  3715.job2.output.22       c__Clostridia (UID1118)           387         223           124         13   210   0    0    0   0       92.74            0.00               0.00          
  3715.job2.output.36         k__Bacteria (UID203)            5449        104            58         42    12   50   0    0   0       86.21           70.00              74.00          
  3715.job2.output.14         k__Bacteria (UID203)            5449        101            56         41    35   25   0    0   0       85.88           41.96              44.00          
  3715.job2.output.24        k__Bacteria (UID1453)            901         171           117         30   140   1    0    0   0       79.49            0.85               0.00          
  3715.job2.output.32         k__Bacteria (UID203)            5449        104            58         37    21   31   13   2   0       77.74           78.89              15.85          
  3715.job2.output.16         k__Bacteria (UID203)            5449        104            58         55    42   7    0    0   0       69.28           10.34               0.00          
  3715.job2.output.23      o__Bacteroidales (UID2617)         213         406           265        140   266   0    0    0   0       63.46            0.00               0.00          
  3715.job2.output.29      o__Bacteroidales (UID2617)         213         406           265        181   225   0    0    0   0       54.15            0.00               0.00          
  3715.job2.output.18         k__Bacteria (UID203)            5449        104            58         67    35   2    0    0   0       51.03            3.45              50.00          
  3715.job2.output.27          k__Archaea (UID2)              207         149           107         70    48   22   9    0   0       50.25           16.32              16.33          
  3715.job2.output.21         k__Bacteria (UID203)            5449        104            58         68    33   3    0    0   0       49.31            5.17               0.00          
  3715.job2.output.31         k__Bacteria (UID203)            5449        104            58         73    31   0    0    0   0       45.30            0.00               0.00          
  3715.job2.output.8       o__Bacteroidales (UID2716)          92         487           270        256   231   0    0    0   0       45.00            0.00               0.00          
  3715.job2.output.3       o__Bacteroidales (UID2617)         213         406           265        230   176   0    0    0   0       44.15            0.00               0.00          
  3715.job2.output.34      o__Clostridiales (UID1212)         172         263           149        155   108   0    0    0   0       42.06            0.00               0.00          
  3715.job2.output.25         k__Bacteria (UID203)            5449        104            58         78    26   0    0    0   0       40.52            0.00               0.00          
  3715.job2.output.12      o__Bacteroidales (UID2716)          92         487           270        334   153   0    0    0   0       31.48            0.00               0.00          
  3715.job2.output.17         k__Bacteria (UID203)            5449        104            58         85    19   0    0    0   0       28.61            0.00               0.00          
  3715.job2.output.9          k__Bacteria (UID203)            5449        104            58         87    16   1    0    0   0       24.14            1.72               0.00          
  3715.job2.output.7          k__Bacteria (UID203)            5449        104            58         89    15   0    0    0   0       24.14            0.00               0.00          
  3715.job2.output.28         k__Bacteria (UID203)            5449        104            58         87    16   1    0    0   0       22.07            1.72              100.00         
  3715.job2.output.13         k__Bacteria (UID203)            5449        103            57         90    13   0    0    0   0       17.54            0.00               0.00          
  3715.job2.output.26          k__Archaea (UID2)              207         149           107        123    25   1    0    0   0       16.98            0.93               0.00          
  3715.job2.output.35         k__Bacteria (UID203)            5449        104            58         93    11   0    0    0   0       15.52            0.00               0.00          
  3715.job2.output.20         k__Bacteria (UID203)            5449        104            58         94    10   0    0    0   0       15.52            0.00               0.00          
  3715.job2.output.5          k__Bacteria (UID203)            5449        104            58         96    8    0    0    0   0       12.07            0.00               0.00          
  3715.job2.output.6          k__Bacteria (UID203)            5449        104            58         98    6    0    0    0   0       10.34            0.00               0.00          
  3715.job2.output.37             root (UID1)                 5656         56            24         56    0    0    0    0   0        0.00            0.00               0.00          
  3715.job2.output.30             root (UID1)                 5656         56            24         56    0    0    0    0   0        0.00            0.00               0.00          
  3715.job2.output.1              root (UID1)                 5656         56            24         56    0    0    0    0   0        0.00            0.00               0.00          
---------------------------------------------------------------------------------------------------------------------------------------------------------------------------------------
