-----------------------------------------------------------------------------------------------------------------------------------------------------------------------------------------
  Bin Id                         Marker lineage            # genomes   # markers   # marker sets    0     1     2    3    4    5+   Completeness   Contamination   Strain heterogeneity  
-----------------------------------------------------------------------------------------------------------------------------------------------------------------------------------------
  3715.job3.output.6       o__Bacteroidales (UID2617)         213         406           265         2    402    2    0    0    0       99.43            0.75              100.00         
  3715.job3.output.42      o__Bacteroidales (UID2621)         198         427           260         2    423    2    0    0    0       99.42            0.51               0.00          
  3715.job3.output.1       o__Clostridiales (UID1226)         155         278           158         1    273    4    0    0    0       99.37            1.74               0.00          
  3715.job3.output.44        k__Bacteria (UID2982)             88         229           147         3    226    0    0    0    0       97.96            0.00               0.00          
  3715.job3.output.37   c__Deltaproteobacteria (UID3218)       61         284           169         32   251    1    0    0    0       96.66            0.59               0.00          
  3715.job3.output.7       o__Clostridiales (UID1226)         155         278           158         8    260    10   0    0    0       96.20            3.96               0.00          
  3715.job3.output.41    f__Mycoplasmataceae (UID2414)         89         228           130         43    82   101   2    0    0       93.60           57.67              48.60          
  3715.job3.output.18      p__Bacteroidetes (UID2605)         350         314           208         45   262    7    0    0    0       93.38            2.27              42.86          
  3715.job3.output.39         k__Bacteria (UID203)            5449        104            58         42    42    20   0    0    0       86.21           29.31              80.00          
  3715.job3.output.26         k__Bacteria (UID203)            5449        104            58         29    19    22   21   10   3       84.95           137.66             15.00          
  3715.job3.output.38        k__Bacteria (UID1453)            901         171           117         24   146    1    0    0    0       83.59            0.85               0.00          
  3715.job3.output.16      o__Bacteroidales (UID2617)         213         406           265         66   339    1    0    0    0       80.82            0.38               0.00          
  3715.job3.output.2          k__Bacteria (UID203)            5449        104            58         48    33    22   1    0    0       75.49           37.93               4.00          
  3715.job3.output.19      o__Bacteroidales (UID2657)         160         492           269        165   327    0    0    0    0       66.70            0.00               0.00          
  3715.job3.output.35      o__Bacteroidales (UID2617)         213         406           265        144   261    1    0    0    0       65.47            0.38              100.00         
  3715.job3.output.31      p__Bacteroidetes (UID2605)         350         314           208        132   165    17   0    0    0       62.52            6.33              17.65          
  3715.job3.output.3        c__Clostridia (UID1118)           387         223           124         80   143    0    0    0    0       61.29            0.00               0.00          
  3715.job3.output.9          k__Bacteria (UID203)            5449        104            58         63    40    1    0    0    0       55.44            1.72              100.00         
  3715.job3.output.15      o__Clostridiales (UID1212)         172         263           149        127   133    3    0    0    0       51.47            1.34              33.33          
  3715.job3.output.20          k__Archaea (UID2)              207         149           107         71    51    21   6    0    0       48.84           13.62              17.95          
  3715.job3.output.40      o__Bacteroidales (UID2657)         160         492           269        244   223    23   2    0    0       48.20            5.24               6.90          
  3715.job3.output.22      o__Bacteroidales (UID2716)          92         487           270        251   236    0    0    0    0       46.85            0.00               0.00          
  3715.job3.output.5          k__Bacteria (UID203)            5449        104            58         69    31    3    1    0    0       46.72            8.62               0.00          
  3715.job3.output.27         k__Bacteria (UID203)            5449        104            58         74    30    0    0    0    0       45.17            0.00               0.00          
  3715.job3.output.13         k__Bacteria (UID203)            5449        104            58         74    30    0    0    0    0       39.58            0.00               0.00          
  3715.job3.output.28         k__Bacteria (UID203)            5449        104            58         75    28    1    0    0    0       36.99            0.86               0.00          
  3715.job3.output.30         k__Bacteria (UID203)            5449        104            58         80    24    0    0    0    0       32.76            0.00               0.00          
  3715.job3.output.24      o__Bacteroidales (UID2617)         213         406           265        268   138    0    0    0    0       32.45            0.00               0.00          
  3715.job3.output.17          k__Archaea (UID2)              207         149           107        109    34    6    0    0    0       28.11            5.14              33.33          
  3715.job3.output.23         k__Bacteria (UID203)            5449        103            57         88    15    0    0    0    0       21.93            0.00               0.00          
  3715.job3.output.43         k__Bacteria (UID203)            5449        104            58         90    14    0    0    0    0       20.69            0.00               0.00          
  3715.job3.output.14         k__Bacteria (UID203)            5449        104            58         95    9     0    0    0    0       13.79            0.00               0.00          
  3715.job3.output.10         k__Bacteria (UID203)            5449        104            58         94    10    0    0    0    0       13.79            0.00               0.00          
  3715.job3.output.21         k__Bacteria (UID203)            5449        103            57         94    9     0    0    0    0       12.28            0.00               0.00          
  3715.job3.output.33         k__Bacteria (UID203)            5449        104            58         96    8     0    0    0    0       12.07            0.00               0.00          
  3715.job3.output.29         k__Bacteria (UID203)            5449        104            58         95    9     0    0    0    0       11.21            0.00               0.00          
  3715.job3.output.34         k__Bacteria (UID203)            5449        103            57         95    8     0    0    0    0        8.37            0.00               0.00          
  3715.job3.output.4              root (UID1)                 5656         56            24         54    2     0    0    0    0        8.33            0.00               0.00          
  3715.job3.output.25          k__Archaea (UID2)              207         149           107        135    9     4    1    0    0        8.24            2.95              14.29          
  3715.job3.output.11             root (UID1)                 5656         56            24         55    1     0    0    0    0        4.17            0.00               0.00          
  3715.job3.output.8              root (UID1)                 5656         56            24         56    0     0    0    0    0        0.00            0.00               0.00          
  3715.job3.output.36             root (UID1)                 5656         56            24         56    0     0    0    0    0        0.00            0.00               0.00          
  3715.job3.output.32             root (UID1)                 5656         56            24         56    0     0    0    0    0        0.00            0.00               0.00          
  3715.job3.output.12             root (UID1)                 5656         56            24         56    0     0    0    0    0        0.00            0.00               0.00          
-----------------------------------------------------------------------------------------------------------------------------------------------------------------------------------------
