----------------------------------------------------------------------------------------------------------------------------------------------------------------------------------------
  Bin Id                         Marker lineage            # genomes   # markers   # marker sets    0     1     2    3    4   5+   Completeness   Contamination   Strain heterogeneity  
----------------------------------------------------------------------------------------------------------------------------------------------------------------------------------------
  3715.job2.output.9          k__Bacteria (UID203)            5449        104            58         0     30    74   0    0   0       100.00          55.17              86.49          
  3715.job2.output.10      o__Bacteroidales (UID2617)         213         406           265         2    404    0    0    0   0       99.43            0.00               0.00          
  3715.job2.output.19      o__Bacteroidales (UID2621)         198         427           260         2    423    2    0    0   0       99.42            0.51               0.00          
  3715.job2.output.14      p__Bacteroidetes (UID2605)         350         314           208         3    300    11   0    0   0       98.80            0.75              72.73          
  3715.job2.output.2       o__Clostridiales (UID1226)         155         278           158         2    273    3    0    0   0       98.73            1.58               0.00          
  3715.job2.output.30      o__Bacteroidales (UID2617)         213         406           265         5    400    1    0    0   0       98.30            0.38              100.00         
  3715.job2.output.5       o__Clostridiales (UID1226)         155         278           158         5    265    8    0    0   0       97.15            4.27               0.00          
  3715.job2.output.12   c__Deltaproteobacteria (UID3218)       61         284           169         7    276    1    0    0   0       97.04            0.59               0.00          
  3715.job2.output.23        k__Bacteria (UID2982)             88         229           147         7    222    0    0    0   0       95.92            0.00               0.00          
  3715.job2.output.17    f__Mycoplasmataceae (UID2414)         89         228           130         35    73   117   2    1   0       94.66           70.38              50.39          
  3715.job2.output.8        c__Clostridia (UID1118)           387         223           124         11   212    0    0    0   0       93.95            0.00               0.00          
  3715.job2.output.32      o__Bacteroidales (UID2657)         160         492           269         73   402    17   0    0   0       89.45            3.15              82.35          
  3715.job2.output.39      o__Bacteroidales (UID2617)         213         406           265         90   290    25   1    0   0       84.86            7.99               0.00          
  3715.job2.output.20         k__Bacteria (UID203)            5449        104            58         29    19    29   20   6   1       83.70           114.67             14.81          
  3715.job2.output.7         k__Bacteria (UID1453)            901         171           117         38   126    7    0    0   0       80.48            5.56              85.71          
  3715.job2.output.38      o__Bacteroidales (UID2657)         160         492           269        156   319    15   2    0   0       75.22            5.58              61.90          
  3715.job2.output.22      o__Bacteroidales (UID2617)         213         406           265        109   297    0    0    0   0       68.93            0.00               0.00          
  3715.job2.output.21      p__Bacteroidetes (UID2605)         350         314           208        138   169    7    0    0   0       60.18            2.56              28.57          
  3715.job2.output.40          k__Archaea (UID2)              207         149           107         68    47    22   10   2   0       51.65           20.91              14.06          
  3715.job2.output.35      o__Bacteroidales (UID2716)          92         487           270        203   284    0    0    0   0       50.91            0.00               0.00          
  3715.job2.output.34      o__Clostridiales (UID1212)         172         263           149        136   127    0    0    0   0       49.99            0.00               0.00          
  3715.job2.output.25         k__Bacteria (UID203)            5449        104            58         74    30    0    0    0   0       44.83            0.00               0.00          
  3715.job2.output.4          k__Bacteria (UID203)            5449        104            58         74    30    0    0    0   0       42.41            0.00               0.00          
  3715.job2.output.28         k__Bacteria (UID203)            5449        104            58         79    25    0    0    0   0       36.21            0.00               0.00          
  3715.job2.output.11         k__Bacteria (UID203)            5449        104            58         76    27    1    0    0   0       35.84            1.72               0.00          
  3715.job2.output.18         k__Bacteria (UID203)            5449        104            58         84    20    0    0    0   0       30.33            0.00               0.00          
  3715.job2.output.31         k__Bacteria (UID203)            5449        104            58         78    20    6    0    0   0       30.25            0.94              33.33          
  3715.job2.output.13         k__Bacteria (UID203)            5449        104            58         83    21    0    0    0   0       29.31            0.00               0.00          
  3715.job2.output.36         k__Bacteria (UID203)            5449        104            58         87    16    1    0    0   0       27.59            1.72               0.00          
  3715.job2.output.26         k__Bacteria (UID203)            5449        104            58         80    24    0    0    0   0       22.34            0.00               0.00          
  3715.job2.output.27          k__Archaea (UID2)              207         149           107        125    24    0    0    0   0       16.20            0.00               0.00          
  3715.job2.output.15         k__Bacteria (UID203)            5449        104            58         98    6     0    0    0   0        8.62            0.00               0.00          
  3715.job2.output.33          k__Archaea (UID2)              207         149           107        141    7     1    0    0   0        4.67            0.31              100.00         
  3715.job2.output.3              root (UID1)                 5656         56            24         55    1     0    0    0   0        4.17            0.00               0.00          
  3715.job2.output.24             root (UID1)                 5656         56            24         55    1     0    0    0   0        4.17            0.00               0.00          
  3715.job2.output.6              root (UID1)                 5656         56            24         56    0     0    0    0   0        0.00            0.00               0.00          
  3715.job2.output.37             root (UID1)                 5656         56            24         56    0     0    0    0   0        0.00            0.00               0.00          
  3715.job2.output.29             root (UID1)                 5656         56            24         56    0     0    0    0   0        0.00            0.00               0.00          
  3715.job2.output.16             root (UID1)                 5656         56            24         56    0     0    0    0   0        0.00            0.00               0.00          
  3715.job2.output.1              root (UID1)                 5656         56            24         56    0     0    0    0   0        0.00            0.00               0.00          
----------------------------------------------------------------------------------------------------------------------------------------------------------------------------------------
