-------------------------------------------------------------------------------------------------------------------------------------------------------------------------------------------
  Bin Id                           Marker lineage             # genomes   # markers   # marker sets    0     1     2    3    4   5+   Completeness   Contamination   Strain heterogeneity  
-------------------------------------------------------------------------------------------------------------------------------------------------------------------------------------------
  3715.job2.output.10        o__Bacteroidales (UID2617)          213         406           265         2    403    1    0    0   0       99.43            0.38              100.00         
  3715.job2.output.26        o__Bacteroidales (UID2621)          198         427           260         2    423    2    0    0   0       99.42            0.51               0.00          
  3715.job2.output.32        p__Bacteroidetes (UID2605)          350         314           208         4    295    15   0    0   0       98.72            3.34              80.00          
  3715.job2.output.4         o__Clostridiales (UID1226)          155         278           158         3    271    4    0    0   0       98.10            1.74               0.00          
  3715.job2.output.5           k__Bacteria (UID2982)              88         229           147         6    223    0    0    0   0       96.60            0.00               0.00          
  3715.job2.output.8         o__Clostridiales (UID1226)          155         278           158         8    266    4    0    0   0       96.20            2.22               0.00          
  3715.job2.output.37     c__Deltaproteobacteria (UID3218)        61         284           169         37   246    1    0    0   0       96.01            0.59               0.00          
  3715.job2.output.19      f__Mycoplasmataceae (UID2414)          89         228           130         22    99   104   2    1   0       93.44           62.57              44.83          
  3715.job2.output.21        o__Bacteroidales (UID2617)          213         406           265         86   277    40   3    0   0       83.88           15.42               0.00          
  3715.job2.output.20          k__Bacteria (UID1453)             901         171           117         23   145    3    0    0   0       83.30            2.56              66.67          
  3715.job2.output.13               root (UID1)                  5656         56            24         29    0     27   0    0   0       80.21           80.21              81.48          
  3715.job2.output.34        o__Bacteroidales (UID2617)          213         406           265         97   309    0    0    0   0       77.48            0.00               0.00          
  3715.job2.output.24        o__Bacteroidales (UID2657)          160         492           269        160   324    8    0    0   0       76.47            1.81              50.00          
  3715.job2.output.16           k__Bacteria (UID203)             5449        104            58         38    23    26   16   1   0       76.02           77.87              12.50          
  3715.job2.output.30        o__Bacteroidales (UID2716)           92         487           270        144   343    0    0    0   0       65.93            0.00               0.00          
  3715.job2.output.33        o__Bacteroidales (UID2617)          213         406           265        153   252    1    0    0   0       62.14            0.38               0.00          
  3715.job2.output.11           k__Bacteria (UID203)             5449        104            58         60    39    5    0    0   0       61.38            8.62               0.00          
  3715.job2.output.29           k__Bacteria (UID203)             5449        104            58         69    35    0    0    0   0       50.34            0.00               0.00          
  3715.job2.output.25        o__Clostridiales (UID1212)          172         263           149        153   110    0    0    0   0       42.73            0.00               0.00          
  3715.job2.output.22            k__Archaea (UID2)               207         149           107         83    45    15   6    0   0       40.90           10.04              12.12          
  3715.job2.output.38           k__Bacteria (UID203)             5449        104            58         74    29    1    0    0   0       40.69            1.72               0.00          
  3715.job2.output.7          c__Clostridia (UID1118)            387         223           124        116   107    0    0    0   0       35.89            0.00               0.00          
  3715.job2.output.31        o__Bacteroidales (UID2617)          213         406           265        261   144    1    0    0   0       35.72            0.38               0.00          
  3715.job2.output.28   o__Thermoanaerobacterales (UID1420)       32         488           209        338   149    1    0    0   0       32.78            0.24               0.00          
  3715.job2.output.14           k__Bacteria (UID203)             5449        104            58         85    19    0    0    0   0       28.61            0.00               0.00          
  3715.job2.output.12           k__Bacteria (UID203)             5449        104            58         80    24    0    0    0   0       28.37            0.00               0.00          
  3715.job2.output.23        o__Bacteroidales (UID2617)          213         406           265        317    89    0    0    0   0       19.32            0.00               0.00          
  3715.job2.output.6            k__Bacteria (UID203)             5449        104            58         91    12    1    0    0   0       18.97            1.72              100.00         
  3715.job2.output.3            k__Bacteria (UID203)             5449        104            58         92    12    0    0    0   0       18.97            0.00               0.00          
  3715.job2.output.2            k__Bacteria (UID203)             5449        103            57         90    13    0    0    0   0       17.54            0.00               0.00          
  3715.job2.output.36           k__Bacteria (UID203)             5449        104            58         94    10    0    0    0   0       15.52            0.00               0.00          
  3715.job2.output.35            k__Archaea (UID2)               207         149           107        126    22    1    0    0   0       14.80            0.93               0.00          
  3715.job2.output.27            k__Archaea (UID2)               207         149           107        133    16    0    0    0   0       10.44            0.00               0.00          
  3715.job2.output.1            k__Bacteria (UID203)             5449        104            58         97    7     0    0    0   0       10.34            0.00               0.00          
  3715.job2.output.18            k__Archaea (UID2)               207         149           107        135    9     4    0    1   0        8.86            3.88              10.00          
  3715.job2.output.15               root (UID1)                  5656         56            24         54    2     0    0    0   0        8.33            0.00               0.00          
  3715.job2.output.9                root (UID1)                  5656         56            24         56    0     0    0    0   0        0.00            0.00               0.00          
  3715.job2.output.17               root (UID1)                  5656         56            24         56    0     0    0    0   0        0.00            0.00               0.00          
-------------------------------------------------------------------------------------------------------------------------------------------------------------------------------------------
