----------------------------------------------------------------------------------------------------------------------------------------------------------------------------------------
  Bin Id                         Marker lineage            # genomes   # markers   # marker sets    0     1     2    3    4   5+   Completeness   Contamination   Strain heterogeneity  
----------------------------------------------------------------------------------------------------------------------------------------------------------------------------------------
  3715.job3.output.14             root (UID1)                 5656         56            24         0     0     56   0    0   0       100.00          100.00             89.29          
  3715.job3.output.13      o__Bacteroidales (UID2617)         213         406           265         2    404    0    0    0   0       99.43            0.00               0.00          
  3715.job3.output.5       o__Bacteroidales (UID2621)         198         427           260         2    423    2    0    0   0       99.42            0.51               0.00          
  3715.job3.output.39      o__Clostridiales (UID1226)         155         278           158         2    273    3    0    0   0       98.73            1.58               0.00          
  3715.job3.output.6       o__Bacteroidales (UID2617)         213         406           265         5    400    1    0    0   0       98.30            0.38              100.00         
  3715.job3.output.20      p__Bacteroidetes (UID2605)         350         314           208         5    297    12   0    0   0       98.08            1.23              66.67          
  3715.job3.output.18        k__Bacteria (UID2982)             88         229           147         3    226    0    0    0   0       97.96            0.00               0.00          
  3715.job3.output.28   c__Deltaproteobacteria (UID3218)       61         284           169         5    278    1    0    0   0       97.63            0.59               0.00          
  3715.job3.output.31    f__Mycoplasmataceae (UID2414)         89         228           130         10   106   109   3    0   0       97.13           64.39              54.24          
  3715.job3.output.8       o__Clostridiales (UID1226)         155         278           158         6    252    20   0    0   0       96.52            4.72               5.00          
  3715.job3.output.29      o__Bacteroidales (UID2657)         160         492           269         57   418    17   0    0   0       93.47            3.53              88.24          
  3715.job3.output.10      o__Bacteroidales (UID2617)         213         406           265         50   208   118   29   1   0       92.13           47.55               0.47          
  3715.job3.output.41         k__Bacteria (UID203)            5449        104            58         19    11    24   35   9   6       88.79           144.23             13.99          
  3715.job3.output.1         k__Bacteria (UID1453)            901         171           117         16   147    8    0    0   0       87.75            5.98              87.50          
  3715.job3.output.42      o__Bacteroidales (UID2657)         160         492           269        156   321    13   2    0   0       75.22            5.14              57.89          
  3715.job3.output.38      o__Bacteroidales (UID2617)         213         406           265         92   314    0    0    0   0       74.21            0.00               0.00          
  3715.job3.output.25       c__Clostridia (UID1118)           387         223           124         65   158    0    0    0   0       69.76            0.00               0.00          
  3715.job3.output.24      p__Bacteroidetes (UID2605)         350         314           208        109   189    16   0    0   0       69.40            5.05              25.00          
  3715.job3.output.2       o__Clostridiales (UID1212)         172         263           149         92   161    9    1    0   0       65.79            5.34               0.00          
  3715.job3.output.22      o__Bacteroidales (UID2716)          92         487           270        185   302    0    0    0   0       54.99            0.00               0.00          
  3715.job3.output.23      o__Bacteroidales (UID2617)         213         406           265        196   189    19   2    0   0       54.55            5.40               8.00          
  3715.job3.output.34         k__Bacteria (UID203)            5449        104            58         69    28    7    0    0   0       43.35            2.66              28.57          
  3715.job3.output.32         k__Bacteria (UID203)            5449        104            58         77    26    1    0    0   0       38.95            0.86               0.00          
  3715.job3.output.21          k__Archaea (UID2)              207         149           107         85    45    18   1    0   0       38.72            9.07              23.81          
  3715.job3.output.4          k__Bacteria (UID203)            5449        104            58         78    26    0    0    0   0       37.93            0.00               0.00          
  3715.job3.output.33      o__Bacteroidales (UID2617)         213         406           265        279   125    2    0    0   0       32.34            0.75               0.00          
  3715.job3.output.37         k__Bacteria (UID203)            5449        104            58         81    23    0    0    0   0       31.72            0.00               0.00          
  3715.job3.output.11         k__Bacteria (UID203)            5449        104            58         87    17    0    0    0   0       25.86            0.00               0.00          
  3715.job3.output.12         k__Bacteria (UID203)            5449        103            57         86    17    0    0    0   0       24.56            0.00               0.00          
  3715.job3.output.26         k__Bacteria (UID203)            5449        104            58         87    17    0    0    0   0       24.14            0.00               0.00          
  3715.job3.output.40          k__Archaea (UID2)              207         149           107        116    30    3    0    0   0       22.66            1.87              33.33          
  3715.job3.output.9          k__Bacteria (UID203)            5449        104            58         87    17    0    0    0   0       22.41            0.00               0.00          
  3715.job3.output.3          k__Bacteria (UID203)            5449        103            57         92    11    0    0    0   0       19.30            0.00               0.00          
  3715.job3.output.36         k__Bacteria (UID203)            5449        104            58         93    11    0    0    0   0       17.24            0.00               0.00          
  3715.job3.output.27         k__Bacteria (UID203)            5449        103            57         92    11    0    0    0   0       12.76            0.00               0.00          
  3715.job3.output.15          k__Archaea (UID2)              207         149           107        124    23    2    0    0   0       12.34            1.25              50.00          
  3715.job3.output.7          k__Bacteria (UID203)            5449        103            57         94    9     0    0    0   0       10.69            0.00               0.00          
  3715.job3.output.17          k__Archaea (UID2)              207         149           107        132    12    4    0    1   0       10.11            3.88              10.00          
  3715.job3.output.16             root (UID1)                 5656         56            24         54    2     0    0    0   0        8.33            0.00               0.00          
  3715.job3.output.35             root (UID1)                 5656         56            24         56    0     0    0    0   0        0.00            0.00               0.00          
  3715.job3.output.30             root (UID1)                 5656         56            24         56    0     0    0    0   0        0.00            0.00               0.00          
  3715.job3.output.19             root (UID1)                 5656         56            24         56    0     0    0    0   0        0.00            0.00               0.00          
----------------------------------------------------------------------------------------------------------------------------------------------------------------------------------------
