4327 1
4328 1
2232 1
2233 2
2234 3
2235 1
2237 1
2239 1
182125 1
17586 1
27238 1
3934 1
3938 1
1840 1
1841 2
1842 2
1844 1
1845 2
1846 1
4330 1
1849 2
4331 1
4332 1
11725 1
231091 1
2240 2
2241 1
100595 1
2242 1
2245 1
2248 2
2249 2
55875 1
154803 1
3945 1
6433 1
1851 1
1852 1
1854 1
1857 2
1858 1
1859 1
4343 1
2250 1
2251 1
2252 1
2253 2
2254 1
2255 1
2257 2
2258 2
58374 1
178772 1
3950 1
1860 1
6449 1
1862 1
1864 1
1866 4
1868 1
2260 1
2261 1
2263 1
2264 2
2266 1
2267 1
2268 1
2269 1
39003 1
8543 1
10056 1
3966 1
1870 2
1872 1
1874 1
1875 1
1876 1
1877 1
1878 1
4360 1
1879 1
2271 2
2272 1
2274 1
2275 1
2278 2
2279 1
500 5
3970 1
501 9
502 8
503 4
10066 1
504 7
3974 1
505 6
506 6
3976 1
507 6
508 8
509 7
1880 1
1881 1
1883 2
1885 1
1886 2
1888 1
1889 1
11761 1
4375 1
4377 1
4379 1
2281 1
2282 1
2283 1
2285 1
2286 1
2288 1
2289 1
24792 1
510 9
511 12
512 10
513 10
514 4
3984 1
515 8
1000 4
516 7
1001 2
517 5
1002 2
518 7
1003 3
519 5
1004 4
25608 1
6470 1
1005 1
1006 2
1007 4
1008 1
1009 4
1890 1
1891 1
23511 1
47470 1
1893 2
1895 1
1896 1
1897 1
1898 2
4386 1
2700 1
2703 1
2704 1
2705 1
2706 1
2709 1
2293 1
2294 1
2296 3
2299 1
27700 1
3100 1
3104 1
3107 1
3108 1
3109 1
520 10
521 6
522 8
523 8
3992 1
524 9
525 7
1010 2
526 7
1011 4
3995 1
527 8
1012 4
528 6
1013 1
529 5
1014 2
1015 2
1016 1
1017 1
1018 3
6484 1
1019 1
4394 1
26015 1
2710 1
2711 3
2713 1
2715 2
2718 1
2719 1
5201 1
3114 1
8580 1
3119 1
530 8
531 5
532 8
533 9
534 4
1020 3
535 10
1021 2
536 4
1022 1
537 7
1023 4
538 4
1024 3
539 6
49587 1
1025 1
1026 4
6492 1
1027 6
1028 3
13888 1
11791 1
2721 1
2722 2
2724 2
2725 1
2728 1
14288 1
5215 1
3120 1
3128 1
3129 1
15985 1
540 4
541 7
542 7
543 5
544 5
545 5
1031 3
546 5
1032 1
547 7
1033 1
548 5
1034 2
549 7
1035 3
1036 3
1037 4
1038 3
1039 2
32388 1
155271 1
4822 1
4824 1
4825 1
45824 1
2730 1
2732 2
2733 1
2734 1
2737 1
5228 1
3134 1
3139 1
68091 1
550 6
551 8
552 10
553 5
554 8
555 8
1040 2
556 9
1041 3
557 7
1042 2
558 8
6925 1
1043 1
559 6
1044 2
1045 2
1046 5
1047 3
80321 1
1048 2
1049 1
61831 1
4836 1
2741 2
7329 1
2742 2
2743 1
14719 1
2744 4
2745 1
2747 1
2749 1
50906 1
10530 1
3141 1
3143 1
3144 1
3147 1
560 9
561 7
562 10
563 5
564 6
565 8
1050 2
566 4
1051 1
567 9
1052 1
568 9
1053 2
569 5
1054 2
1055 5
1056 4
1057 2
1058 3
1059 1
30724 1
4849 1
2752 2
2754 2
2756 1
2759 2
5246 1
3150 1
3154 1
3157 1
3158 1
570 8
571 5
572 5
573 6
574 6
1060 2
575 4
44158 1
1061 2
576 6
1062 2
577 6
1063 1
578 5
1064 3
579 9
6947 1
1065 2
1066 4
1067 1
1068 5
42060 1
1069 4
54695 1
4854 1
4856 1
23579 1
2762 1
2763 1
2766 2
2767 1
2768 1
2769 1
5253 1
3160 2
3161 1
3165 1
10557 1
3169 1
580 7
581 11
582 5
13044 1
583 4
584 3
1070 2
585 5
1071 1
586 4
1072 1
587 4
6954 1
1073 1
588 6
1074 2
589 4
1075 3
1076 1
1077 1
1078 1
16831 1
1079 4
4862 1
2772 1
2773 2
2775 1
2777 1
2779 1
58001 1
5262 1
5264 1
5269 1
15145 1
3172 2
3175 1
3176 1
3177 1
590 8
591 6
592 4
593 8
594 7
595 6
1080 2
596 7
1081 3
597 3
1082 2
598 10
1083 3
599 3
1084 2
1085 3
1086 2
1087 2
73617 1
1088 3
1089 1
4879 1
7367 1
2780 3
2781 1
2783 1
2784 1
2785 1
2789 1
17248 1
3181 1
3182 1
3185 1
3187 1
3188 1
1500 1
1502 2
1503 2
1504 1
6970 1
1505 4
1506 2
1090 3
1508 1
1091 2
1509 3
1092 2
1093 2
1094 2
1095 2
1096 1
1097 4
1099 1
16855 1
4885 1
7373 1
2790 1
2791 1
2793 1
2794 1
2795 1
2798 1
2799 1
3600 1
3607 1
3196 1
1510 2
1511 2
1512 3
1514 2
6980 1
61000 1
1518 1
1519 1
4003 1
4009 1
4892 1
5290 1
5292 1
3614 1
3618 1
3619 1
6107 1
1520 1
13083 1
1524 1
1526 2
1527 1
1528 1
1529 2
11401 1
9480 1
7802 1
7397 1
5714 1
8203 1
13501 1
1530 1
1531 2
1532 1
18973 1
1533 1
1534 2
1536 1
1537 2
1538 1
4020 1
1539 1
4024 1
9490 1
11415 1
4028 1
19371 1
3630 1
3637 2
3638 1
1541 2
1542 2
1544 1
1545 2
1546 2
1547 1
1548 1
1549 1
11421 1
4036 1
4039 1
33701 1
19386 1
5733 1
8222 1
3642 1
87507 1
13524 1
6136 1
1551 1
1553 1
1555 1
1556 1
1558 2
1559 1
4042 1
4047 1
7835 1
272878 1
5745 1
3652 1
6146 1
1560 1
1561 2
13538 1
1564 1
1566 2
1568 1
1569 1
4058 1
36216 1
5757 1
8244 1
3661 1
3667 1
1571 1
1572 2
1573 1
1575 1
1576 1
1578 1
1579 1
4061 1
9946 1
4064 1
4068 1
4069 1
8255 1
200 11
201 10
3671 1
202 11
203 13
204 7
205 9
206 12
207 9
18134 1
208 9
209 8
1582 1
23201 1
1583 1
1585 1
1586 1
1587 1
167562 1
1589 1
4074 1
4075 1
4078 1
45074 1
368020 1
24490 1
15655 1
210 7
3680 1
211 10
212 12
3682 1
213 4
214 6
3684 1
215 7
216 9
217 4
218 9
219 6
6175 1
1590 1
1591 1
1593 2
1595 1
1596 1
1598 1
1599 1
4087 1
2400 1
4089 1
2401 1
2403 1
2404 1
2407 1
2409 2
7876 1
5785 1
41312 1
96398 1
220 4
221 13
3690 1
222 6
223 6
224 8
225 9
226 4
3695 1
227 10
228 6
229 4
240516 1
4500 1
6189 1
4096 1
90535 1
2410 1
2411 1
2412 1
2413 2
2414 1
2417 1
2419 1
5795 1
5798 1
230 9
231 6
232 6
233 8
234 6
235 5
236 8
237 6
238 7
239 9
6198 1
4511 1
11901 1
4517 1
11909 1
11497 1
2421 1
2422 1
2424 2
2426 2
2427 1
141545 1
2428 1
2429 1
33778 1
8291 1
240 5
241 8
242 8
243 8
244 6
245 11
246 4
247 8
248 10
249 8
51874 1
13598 1
4521 1
4525 1
7011 1
9995 1
2431 1
2433 1
2434 1
2435 1
2436 1
29521 1
2439 1
10229 1
250 5
251 6
252 7
253 4
254 10
255 5
256 8
257 6
258 5
259 3
6627 1
16508 1
7025 1
2440 1
2441 1
2444 2
2447 1
2448 1
2449 1
8729 1
260 10
261 5
262 7
263 8
264 7
265 6
266 11
267 7
268 8
269 104
4542 1
19007 1
2450 1
2451 1
2452 1
2453 1
2454 1
2455 1
2457 1
2459 2
12335 1
270 7
271 7
272 10
273 6
6641 1
274 20
275 6
276 6
277 7
278 7
279 2
20785 1
61554 1
4559 1
2460 2
2461 1
7048 1
14438 1
2463 1
2465 1
2466 2
55207 1
2467 1
2469 1
8744 1
280 3
281 9
282 5
283 7
284 12
285 19
286 8
287 9
288 4
289 4
4560 1
2472 2
2476 1
2478 1
2479 1
22001 1
8753 1
700 4
701 6
702 6
703 5
704 4
705 4
706 4
707 4
290 5
708 2
291 5
82156 1
709 4
292 4
293 7
294 9
295 3
296 11
297 5
298 4
299 7
9151 1
4570 1
30455 1
291890 1
2481 1
2482 1
2485 1
2486 1
2489 1
710 4
68252 1
711 4
712 5
713 4
714 5
1200 2
715 4
1201 2
716 3
1202 2
717 3
1203 1
718 5
1204 1
719 3
1205 4
18646 1
1206 2
1207 3
1208 1
1209 1
6676 1
4583 1
2902 2
2904 1
21626 1
2907 1
2908 1
2491 1
2909 1
2494 1
2495 1
2496 1
2499 1
3303 1
3309 1
8776 1
720 6
721 3
722 4
723 4
724 5
1210 4
725 3
1211 3
726 4
1212 2
727 3
1213 1
728 3
1214 1
729 4
1215 1
1216 1
1217 2
1218 1
1219 3
179826 1
9174 1
4590 1
4598 1
2910 1
2913 1
2914 1
2915 1
2917 1
3318 1
730 5
731 5
732 3
733 6
734 3
1220 1
735 5
1221 3
736 2
1222 1
737 3
1223 3
738 6
739 2
1225 2
1226 1
1227 1
6692 1
1228 3
1229 2
2920 1
2923 1
2926 1
2927 1
12802 1
5417 1
53162 1
3321 1
3326 1
740 4
741 3
742 1
743 3
8799 1
744 5
745 3
746 2
1231 4
747 1
1232 2
748 3
1233 2
749 4
1234 1
1235 2
1236 3
1237 1
1238 2
9602 1
1239 3
131517 1
19073 1
2930 1
2932 1
115517 1
2936 2
3333 1
750 4
751 4
752 3
753 2
754 2
1240 2
755 4
1241 1
756 4
1242 3
757 3
1243 1
758 2
1244 1
759 3
1245 4
1246 2
1247 1
1248 1
1249 2
11128 1
7523 1
2940 1
2941 1
79641 1
2943 1
2944 1
2946 1
2947 2
2948 1
5438 1
13221 1
760 3
761 4
762 4
763 4
764 3
1250 2
765 2
1251 2
766 4
767 5
1253 3
768 6
1254 1
769 3
1255 2
1256 2
1258 2
1259 2
11137 1
7535 1
2950 1
2951 1
2952 1
2953 1
2954 1
2956 1
2957 1
5443 1
15322 1
3359 1
770 3
771 1
772 4
773 4
774 2
1260 5
775 3
1261 2
776 2
1262 1
777 1
1263 4
778 2
1264 2
779 6
1265 1
1266 2
1268 1
1269 1
2962 1
2968 1
5451 1
84734 1
3361 1
15338 1
10754 1
3369 1
780 2
781 3
782 1
783 4
784 3
785 5
1270 2
786 4
1271 1
787 5
1272 1
788 4
1273 1
789 1
1274 1
1275 2
1276 1
1277 2
1278 2
1279 1
9647 1
14941 1
7556 1
2971 1
2973 2
5461 1
96070 1
3370 1
3379 1
790 7
791 4
792 4
793 5
794 4
795 6
1281 2
796 3
1282 3
797 5
798 3
799 3
1285 1
1286 1
1287 1
1288 2
54029 1
28377 1
2985 1
2988 1
5471 1
3382 1
3385 1
1700 1
1701 2
1702 1
1704 1
1290 3
1291 1
1709 1
1292 2
1293 1
1294 1
1296 2
1297 3
1298 4
9663 1
2100 1
2101 1
2102 1
2104 1
2106 1
2109 1
2991 1
2992 1
2993 1
2996 1
2998 1
2999 1
3800 1
3807 1
3390 1
3393 1
3396 1
3397 1
3398 1
1712 1
1713 1
1715 1
1717 1
1718 1
4200 1
4202 1
4205 1
4207 1
2111 1
2112 2
2114 1
2115 1
2119 1
7586 1
5903 1
17464 1
5494 1
3817 1
1720 1
1721 1
1723 1
1724 1
20446 1
1725 2
1727 1
1729 1
4213 1
4216 1
11196 1
2120 1
2122 1
2123 2
2126 1
2127 2
2128 1
2129 1
3821 1
6310 1
1731 1
1732 1
1733 1
1734 1
1735 1
1738 2
4220 1
2130 1
2131 1
2133 1
2134 2
2136 1
2137 1
2138 2
2139 1
29228 1
5924 1
5925 1
3830 1
1740 1
1741 2
1743 2
1745 2
1746 2
1748 2
1749 2
4230 1
11621 1
4233 1
2140 1
2141 1
2142 1
2143 1
2144 1
2146 1
2147 2
5930 1
8420 1
120689 1
3842 1
3845 1
3849 1
1750 1
1751 1
1752 1
1753 1
1754 2
1755 1
1756 1
1757 1
30122 1
1758 2
4243 1
4247 1
4249 1
83529 1
2150 1
2153 1
19595 1
2155 1
2156 1
2157 1
2158 1
2159 1
17917 1
3852 1
6347 1
1760 2
1762 1
1764 1
1765 3
1766 1
1767 1
1769 2
4253 1
172815 1
2161 2
26764 1
2162 1
2164 2
382111 1
2165 2
2167 1
2169 1
5951 1
22580 1
3864 1
6350 1
1771 2
1773 1
1774 1
1775 2
1776 1
1777 1
1778 2
4261 1
2172 1
2175 1
2176 1
2178 1
2179 1
5966 1
400 13
401 18
3870 1
402 9
403 10
404 16
405 10
406 12
407 15
3876 1
408 22
409 12
3879 1
1780 1
1781 1
1783 1
1784 1
1785 2
1786 2
1787 1
1788 1
1789 1
30153 1
4275 1
4279 1
2182 1
2183 1
2185 1
2187 1
2189 1
410 14
411 12
3881 1
412 11
413 20
414 9
415 18
3885 1
416 11
417 12
418 18
3888 1
419 13
6370 1
1791 2
1792 2
1793 1
1796 1
1797 1
1799 1
2600 2
2601 1
108024 1
2603 1
2604 1
2605 1
2609 1
2192 2
2195 1
2197 1
2198 1
2199 1
43195 1
3000 1
5984 1
3001 2
3002 1
3003 1
3006 1
420 14
3890 1
421 14
422 7
8479 1
3892 1
423 15
424 11
425 17
426 12
427 15
428 11
429 8
4706 1
4292 1
4295 1
2613 1
2617 1
2618 2
5104 1
3011 1
3014 1
3018 1
3019 1
430 11
431 13
432 15
433 9
434 6
435 16
436 11
437 15
438 12
439 9
4713 1
4719 1
2620 2
2622 2
2623 1
2624 2
2625 1
2626 1
2627 1
2629 1
3022 1
41533 1
3023 1
3024 1
3027 1
440 11
441 10
442 13
443 15
444 11
445 8
446 18
447 14
448 10
449 15
20958 1
7217 1
2633 1
2635 2
2636 1
2637 1
2638 1
3030 1
31898 1
3037 1
450 7
451 10
452 10
453 13
454 11
455 14
456 13
457 8
458 9
459 8
162341 1
4730 1
2640 2
2641 1
2643 1
2645 1
2647 1
2648 1
2649 1
5137 1
450490 1
3041 1
3047 1
3048 2
3049 1
10438 1
460 14
461 14
462 11
463 8
464 13
6831 1
465 9
466 11
467 10
468 12
469 10
4742 1
4747 1
7235 1
2651 1
2653 1
2655 2
2657 1
2658 1
2659 1
12531 1
3050 1
8936 1
3054 1
3057 1
3059 1
470 10
471 14
472 10
473 13
474 12
475 11
476 11
477 7
478 9
479 11
4753 1
4755 1
2661 1
2662 1
2664 1
2665 1
2667 1
2669 1
3062 1
3064 1
3065 1
480 7
20103 1
481 10
482 10
483 8
484 10
485 8
486 11
487 8
488 6
489 5
9342 1
4767 1
33137 1
7257 1
2672 2
2674 1
2676 1
2678 1
2679 1
17139 1
151448 1
46166 1
3070 1
3072 1
900 3
3075 1
901 3
902 3
903 1
904 3
3079 1
905 2
906 2
907 3
490 8
908 3
491 11
909 2
492 8
493 7
494 11
495 11
496 7
497 11
498 8
499 6
47863 1
2680 2
79380 1
2682 1
2683 1
2684 1
2685 1
2686 4
2687 1
2688 2
5170 1
3083 1
910 3
3085 1
3086 1
912 1
3087 1
913 2
1400 2
915 3
1401 1
916 1
1402 1
917 3
1403 1
918 5
1404 4
919 2
1405 2
1406 1
1407 1
1409 2
6875 1
28083 1
35246 1
4780 1
200830 1
4784 1
4787 1
95394 1
19249 1
2690 1
2692 1
2695 1
2696 1
2698 2
50856 1
5185 1
5187 1
3500 1
3501 1
3503 1
3504 1
3090 1
3508 1
3093 2
920 2
921 3
922 4
923 2
924 3
3098 1
925 3
1410 1
3099 1
926 4
927 2
1412 1
928 2
1413 2
18854 1
929 3
1414 1
1415 2
1416 1
1417 1
1418 2
1419 1
81983 1
5194 1
34862 1
3514 1
3519 1
930 3
931 4
932 4
933 2
934 2
935 3
1420 1
936 2
1421 2
937 1
1422 2
938 4
1423 1
939 2
1425 2
1426 2
6892 1
1427 1
1428 1
1429 3
7292 1
5616 1
8107 1
3527 1
940 1
941 2
942 4
6014 1
943 2
944 4
1430 1
945 2
1431 2
946 2
1432 1
947 5
1433 1
948 2
37368 1
1434 1
949 2
1436 2
1437 1
16786 1
5627 1
8111 1
3531 1
10920 1
3533 1
3536 1
950 3
951 1
952 2
953 4
954 3
1440 1
955 4
956 2
1442 1
957 1
1443 1
958 2
959 3
1445 1
1446 1
1447 1
1448 1
28532 1
9811 1
1449 1
7725 1
33608 1
19284 1
7729 1
3542 1
3549 1
75662 1
960 2
6033 1
962 2
963 2
964 2
965 1
966 2
6038 1
1451 2
967 3
1452 1
968 3
1453 1
969 4
1454 1
1456 1
1458 2
1459 1
9826 1
7738 1
5644 1
34014 1
3554 1
3557 1
970 1
6042 1
971 3
972 1
973 2
974 3
6047 1
976 2
1461 1
977 2
1462 1
978 2
1463 2
979 1
1464 1
1465 1
1466 1
1467 1
97956 1
1469 1
17622 1
194383 1
3564 1
3568 1
10959 1
980 4
981 3
982 2
983 2
984 2
1470 1
985 1
1471 2
986 1
1472 2
987 3
988 2
989 1
1475 1
1476 1
1477 3
1478 4
1479 2
11350 1
7759 1
31546 1
65151 1
5667 1
3576 1
991 2
992 1
993 3
994 4
6066 1
1480 1
995 3
1481 1
996 1
1482 1
997 2
6069 1
1483 1
998 2
1484 1
1485 2
1486 1
1488 1
1489 1
80769 1
3585 1
1900 1
3589 1
1903 1
1904 2
1906 1
1490 1
1908 1
1909 1
1492 1
13469 1
1493 1
1494 2
1496 1
1497 1
1498 1
1499 1
2301 1
38238 1
2303 1
2305 1
2307 2
2308 1
2309 1
7775 1
5680 1
5687 1
22723 1
3594 1
3596 1
3597 1
3598 1
1910 3
1911 1
1913 1
1914 2
1915 1
6086 1
1916 1
1917 1
1918 1
4406 1
9873 1
2310 1
2312 1
2313 1
19754 1
2316 1
2317 1
2318 1
2319 1
15570 1
135 183
136 73
137 69
138 39
139 45
6506 1
1921 1
1922 1
1924 1
1925 1
1927 1
1928 1
4411 1
4418 1
2323 2
2324 1
2328 1
2329 2
10111 1
140 56
141 29
142 33
143 38
144 29
145 23
146 43
147 30
148 29
149 41
1930 1
1931 1
1936 2
1939 2
26935 1
2332 1
2333 1
2335 1
2337 1
2339 2
74457 1
17687 1
8611 1
150 24
151 24
152 29
153 30
154 19
155 28
6522 1
156 28
157 16
70273 1
158 28
159 16
1940 1
1941 4
1942 1
1944 1
1946 2
1949 1
9018 1
4431 1
4435 1
2340 1
2341 1
2343 1
2344 1
2347 1
2348 1
651502 1
12221 1
8629 1
160 17
161 26
162 18
163 19
164 25
165 17
166 15
167 20
168 13
169 19
1950 1
20672 1
1951 1
1952 1
1953 3
1954 1
1959 1
4447 1
2351 1
2352 1
2354 2
2356 2
2357 2
2358 1
8630 1
170 19
171 12
172 19
173 23
174 19
175 8
176 23
25265 1
177 11
6544 1
178 16
179 15
1961 1
1962 1
1964 1
1966 1
1967 1
1969 1
4453 1
11843 1
4458 1
2360 2
2362 1
2363 2
2364 2
2365 1
2366 1
2368 1
2369 1
43361 1
10155 1
180 12
181 14
182 16
183 11
184 14
185 17
186 11
187 12
188 11
189 6
6557 1
1970 1
1973 1
1975 2
1976 1
66049 1
1977 1
1978 1
1979 1
4469 1
14342 1
2370 1
2371 3
2373 1
2374 1
2375 1
40887 1
127589 1
2378 1
12251 1
8655 1
600 4
601 7
602 6
603 6
604 9
605 9
606 5
190 12
607 4
191 11
608 3
192 12
609 6
193 11
194 15
195 12
196 10
197 19
198 9
199 7
1980 1
1982 1
1986 2
1988 1
1989 1
4473 1
40002 1
160407 1
2380 2
2381 2
2382 2
2385 2
2386 1
2387 1
2389 1
610 4
611 7
612 4
613 7
614 4
1100 3
615 4
1101 1
616 5
1102 3
617 4
1103 1
618 4
1104 3
619 6
1105 1
18546 1
1106 1
1107 2
1108 1
1109 3
6578 1
1991 2
13967 1
1993 1
1994 2
1995 1
1997 1
1998 1
4480 1
1999 1
2801 1
2803 1
2805 1
2807 1
2808 1
2391 1
2392 1
2393 1
2394 1
2396 1
110393 1
2397 1
2398 1
2399 1
12277 1
3201 1
3204 1
3206 1
3209 1
620 4
621 6
622 6
623 3
624 5
625 7
1110 2
626 7
1111 2
627 4
1112 3
628 3
87958 1
1113 2
629 7
1114 2
1115 1
1116 2
1117 2
1118 3
1119 4
6585 1
4905 1
4494 1
4498 1
146515 1
2810 1
2811 1
2814 1
2815 2
2817 1
5302 1
5306 1
3212 1
10604 1
3217 1
3219 1
10192 1
630 6
631 5
632 6
633 3
634 3
635 6
1120 2
636 5
1121 1
637 10
1122 3
638 4
1123 1
639 3
1124 1
1125 1
1126 2
1127 2
1128 2
1129 2
274530 1
9089 1
2820 1
2821 1
2822 3
2823 1
2824 1
2826 1
2828 1
2829 1
5313 1
5318 1
3223 1
3228 1
3229 1
640 6
641 3
642 7
643 4
644 6
1130 3
645 3
1131 3
646 4
1132 3
647 5
1133 2
648 4
1134 1
649 4
1135 2
1136 1
1137 1
1138 2
18579 1
1139 2
4920 1
13998 1
4927 1
4929 1
7413 1
2830 1
2831 1
2835 1
2838 2
5322 1
5329 1
3231 2
3234 1
3237 1
3239 1
650 3
651 4
652 4
653 4
654 3
1140 1
655 7
1141 3
656 1
1142 2
657 3
1143 1
658 6
1144 1
659 6
1145 1
1146 1
1147 4
1148 2
1149 1
11021 1
4932 1
30819 1
7428 1
2842 1
2844 1
2847 1
17304 1
2849 1
5332 1
5335 1
5337 1
3245 1
3246 1
123873 1
660 4
661 7
662 6
663 6
664 6
665 4
1150 1
666 6
1151 1
667 2
1152 3
668 6
1153 2
669 4
1154 2
1155 4
1156 1
1157 2
1158 2
1159 1
4940 1
42155 1
14825 1
2850 1
2852 2
2853 2
2854 2
2856 1
2858 1
2859 1
27851 1
3252 1
3256 1
3258 1
13130 1
670 5
671 3
672 6
673 4
674 4
675 4
1160 2
676 4
1161 1
677 5
1162 4
678 4
1163 4
56887 1
679 4
1164 1
1165 2
1166 5
1167 1
1168 1
1169 2
4950 1
4951 1
7445 1
2861 1
2864 1
53511 1
10650 1
3266 1
3269 1
680 3
681 5
682 3
20305 1
683 4
684 4
1170 3
685 4
1171 3
686 4
687 6
1173 4
688 4
1174 2
689 7
1175 3
1176 1
1177 1
1178 1
1179 2
4965 1
4969 1
2870 1
2872 1
2873 1
2876 1
2878 1
5360 1
5369 1
3275 1
107011 1
690 3
691 3
692 4
693 3
694 4
1180 2
695 3
1181 5
696 6
1182 1
697 3
1183 2
698 7
1184 3
699 3
1185 2
1186 2
1187 1
1188 2
1189 1
2881 1
2882 1
2886 1
2888 1
5377 1
3280 1
3283 1
3288 1
1601 2
1602 2
1605 2
1606 1
1190 2
1608 1
1609 1
1192 2
1193 2
1195 2
1196 2
9560 1
1197 3
1198 1
1199 1
2000 1
2001 1
4985 1
2003 3
2004 1
2005 1
2006 1
2007 1
2009 1
2890 1
2891 1
2892 1
2895 1
2898 1
5380 1
2899 2
3709 1
3293 1
3295 1
3298 1
1610 2
1611 1
1612 1
1613 1
1614 1
1615 1
1616 1
1617 1
1618 1
1619 1
13179 1
4102 1
26611 1
4994 1
2011 1
2012 1
2013 1
2014 1
2016 1
2018 1
2019 1
7487 1
5391 1
5809 1
5397 1
3712 1
3714 1
111711 1
3716 1
6207 1
1621 1
1622 1
1626 1
1627 2
1629 1
4111 1
4112 1
4118 1
2023 1
2024 1
2025 1
2026 1
2027 1
2028 1
2029 1
1630 1
6217 1
1631 2
1632 1
1633 2
1634 1
1636 1
1637 1
1638 1
4121 1
4126 1
4128 1
9599 1
2030 1
2031 2
2034 1
2036 2
2039 1
5824 1
6222 1
1640 2
1641 1
1643 1
1645 3
1646 1
1649 2
4132 1
4133 1
2041 1
2043 2
2045 1
2046 2
2047 1
2048 1
2049 1
5831 1
8322 1
3748 1
18208 1
6234 1
1650 1
1653 1
1655 1
1656 1
1657 1
1658 1
1659 2
4145 1
4149 1
2050 2
76268 1
2051 1
2052 1
2053 2
2054 3
2057 1
2059 1
31723 1
5844 1
65333 1
8331 1
6243 1
6246 1
1661 1
1662 3
1663 1
1664 1
1665 1
1666 1
1667 1
1668 1
1669 1
16129 1
4156 1
11549 1
2063 1
2066 1
2067 2
2068 1
322757 1
5850 1
3762 1
3764 1
44760 1
6256 1
1671 2
1672 1
1673 1
1675 1
1678 1
1679 1
4162 1
38411 1
4166 1
2070 1
7953 1
2071 1
2073 2
14049 1
2075 1
2079 1
22901 1
300 3
301 5
302 5
3772 1
303 6
304 5
305 8
306 4
307 4
308 7
309 5
20811 1
59002 1
6267 1
1681 2
1682 2
1685 1
1686 1
1688 1
16146 1
1689 1
4174 1
4177 1
2080 1
2081 1
2083 1
2087 2
2089 1
48965 1
5874 1
310 4
311 9
3781 1
312 6
313 3
314 8
3784 1
315 5
316 4
317 8
318 4
319 3
63273 1
32155 1
1690 1
1692 2
1693 1
1697 1
1698 1
4183 1
19940 1
2501 1
2502 1
2503 1
2506 2
2507 1
2090 1
2509 1
2092 2
2096 1
2097 1
2098 1
320 6
3790 1
321 4
322 5
323 3
324 5
325 3
326 4
327 6
328 7
329 7
6282 1
6285 1
4608 1
4192 1
4193 1
2510 1
2513 1
2514 1
2517 1
2518 2
2519 1
5897 1
330 3
331 3
332 7
333 3
334 18
335 17
336 14
337 16
338 16
339 20
4610 1
13689 1
7104 1
2520 2
2523 3
2524 1
2526 1
2528 1
14087 1
2529 2
7995 1
5012 1
5019 1
22942 1
10318 1
340 20
341 17
342 11
343 17
344 20
345 10
346 14
347 19
348 17
349 13
9207 1
4623 1
7115 1
2531 2
2532 1
2533 1
2535 2
2536 1
2538 2
5024 1
5029 1
350 14
351 13
352 16
353 12
354 12
355 11
356 15
357 13
358 10
359 13
4636 1
2540 2
2542 1
2543 1
2545 2
2547 1
2549 1
17007 1
5033 1
360 18
361 9
362 12
22969 1
363 13
364 11
365 16
366 11
367 15
368 11
369 15
6739 1
2552 2
2553 2
2554 2
2555 1
2556 2
2558 1
2559 1
10340 1
370 13
371 13
372 11
373 10
374 13
375 13
376 11
377 13
378 11
379 7
6747 1
9234 1
16625 1
4651 1
2560 1
14536 1
2562 1
2563 1
2564 3
2565 1
2568 1
5058 1
380 14
381 11
382 8
383 10
384 11
385 12
386 11
387 8
388 10
389 14
105914 1
4663 1
4669 1
7152 1
2570 2
2571 1
2573 1
2574 1
2576 1
2577 1
2579 1
8854 1
800 4
801 3
802 5
803 4
804 3
805 1
806 4
807 5
390 12
808 2
391 13
809 3
392 15
393 13
394 11
395 16
396 11
397 10
6764 1
398 15
399 15
4670 1
30553 1
4674 1
4676 1
52835 1
2582 1
2583 1
2584 1
2585 1
2586 1
2588 3
5072 1
12469 1
10372 1
810 3
811 4
812 1
813 3
814 4
815 5
1300 2
816 2
817 1
1302 1
818 2
1303 2
819 4
1304 2
1305 1
18747 1
1307 2
1308 4
1309 2
7172 1
19149 1
2591 1
2593 1
2595 1
2597 1
2598 1
3400 1
60405 1
39337 1
3404 1
3407 1
820 3
821 2
822 1
823 3
824 2
1310 2
825 3
826 3
1312 2
827 3
1313 3
828 2
1314 2
829 6
1316 1
59522 1
1317 2
1318 2
1319 2
9272 1
4696 1
7184 1
5506 1
5092 1
830 3
831 3
832 5
833 1
834 2
1320 1
835 1
1321 2
836 3
1322 1
837 3
1323 3
838 4
1324 1
839 3
1325 1
1327 1
1328 1
1329 2
6799 1
3421 1
3429 1
840 3
841 3
842 3
843 3
844 2
1330 1
845 5
1331 3
846 1
1332 2
847 2
1333 1
848 3
1334 2
25937 1
849 2
1335 1
1336 2
1337 1
1338 1
1339 1
9296 1
24240 1
5520 1
103879 1
3431 1
3432 1
3435 1
850 3
82715 1
851 3
44434 1
853 3
854 2
855 2
1340 4
856 4
1341 2
857 2
1342 1
858 1
859 1
1344 2
1345 2
1346 2
1347 1
1348 3
1349 1
9719 1
21764 1
5532 1
3442 1
10836 1
3447 1
860 4
861 4
862 3
863 3
864 3
1350 2
865 3
1351 2
866 4
1352 1
867 3
868 3
1354 2
869 1
1355 3
1356 2
1357 3
1358 1
7630 1
258760 1
46543 1
8034 1
3455 1
870 3
871 2
872 2
25961 1
873 3
874 3
875 3
1361 3
876 4
1362 1
877 4
1363 2
878 1
1364 1
879 2
1365 3
1366 2
1367 1
1369 1
7648 1
880 2
881 3
882 3
883 2
884 4
1370 1
885 4
1371 1
886 3
1372 2
887 2
1373 2
888 5
889 5
1375 1
1376 4
1377 2
1378 1
1379 2
5561 1
8051 1
3470 1
3478 1
890 3
891 2
37729 1
892 3
893 2
894 4
895 3
1380 2
896 1
1381 1
897 4
1382 1
898 4
1383 3
899 2
1384 2
1385 1
1386 1
28470 1
1389 1
11264 1
5578 1
3484 1
1800 3
78501 1
1803 1
1804 1
1805 1
1806 2
1390 2
1391 3
1809 2
1394 3
1396 1
1397 1
1399 2
9765 1
2201 2
2203 3
2204 1
2208 1
2209 1
27204 1
3900 1
3903 1
3906 1
3490 1
10880 1
3493 1
3497 1
1811 1
1812 1
1815 1
1816 1
1818 1
13379 1
4304 1
2211 1
2212 1
2213 2
2215 2
2216 1
2217 2
2218 1
2219 1
3917 1
97011 1
1820 1
1822 2
1824 2
1826 1
1827 2
1828 1
1829 1
4314 1
4318 1
2222 1
2223 2
2224 1
2225 1
2226 2
2227 1
7694 1
12109 1
3924 1
68882 1
1830 1
176657 1
1832 1
1833 1
1834 1
1835 1
1837 1
1838 1
