4328 1
2230 1
2232 1
2235 2
2236 1
2237 2
2238 1
2239 1
282390 1
65511 1
27232 1
41145 1
10028 1
49512 1
3939 1
6423 1
32308 1
25146 1
6427 1
1841 1
13817 1
1844 1
1845 1
1846 1
1847 1
2241 1
2242 1
2244 1
2246 1
2248 1
2249 1
87800 1
6430 1
6434 1
1850 2
1851 3
1853 1
1855 1
1857 2
4342 1
4344 1
4349 1
2250 1
2252 1
2254 1
2258 2
2259 1
450510 1
8538 1
3954 1
6441 1
6443 1
6444 1
44957 1
1861 1
1862 1
1863 2
1864 1
107287 1
1865 1
1866 2
1868 1
1869 1
4356 1
2260 1
2262 1
2266 1
2267 2
2268 2
2269 1
55895 1
154823 1
10051 1
8549 1
6450 1
3969 1
6458 1
1872 1
1873 3
1875 1
1876 1
1877 1
4360 1
1879 1
23086 1
4368 1
2270 2
2271 1
2272 1
2273 1
2274 1
2277 1
2278 1
500 7
501 8
3971 1
502 8
503 9
10066 1
504 7
505 8
3975 1
506 5
10069 1
507 3
508 7
509 8
6462 1
1882 2
1883 1
23502 1
1889 1
4372 1
11766 1
4379 1
2280 1
2282 1
2284 1
2287 1
2289 2
510 10
511 8
512 7
513 9
8569 1
3983 1
514 8
515 6
1000 3
3985 1
516 8
1001 3
517 6
1002 1
518 2
1003 2
519 7
1004 2
3989 1
1005 2
1006 1
1007 2
1008 1
6474 1
1009 3
1890 1
674124 1
1891 2
1892 1
1894 1
1896 1
1898 1
4383 1
4386 1
4388 1
2701 1
2703 2
2708 1
2291 1
2709 1
2294 2
2295 1
2296 1
2298 1
12174 1
3101 1
3102 1
3103 2
3108 1
3109 1
520 11
521 7
522 7
523 5
10086 1
524 9
15969 1
525 4
1010 3
3994 1
25613 1
526 9
1011 1
527 4
1012 1
528 5
1013 2
529 6
1014 4
1015 3
1016 3
1017 3
1018 5
1019 2
16362 1
4805 1
11780 1
95414 1
4395 1
11788 1
2713 1
2714 1
2717 1
5200 1
5202 1
5207 1
27714 1
3112 2
3113 1
3114 1
3118 1
530 8
531 7
532 6
533 5
6901 1
534 5
535 7
1021 1
536 6
1022 2
537 6
1023 3
538 1
1024 3
539 6
1025 1
1026 1
1027 2
1028 1
1029 2
6497 1
4813 1
4818 1
4819 1
7300 1
2722 1
21444 1
2727 1
2728 1
5213 1
5218 1
3120 1
3122 1
3123 1
3124 1
3127 1
10517 1
3129 1
540 7
541 5
542 6
543 7
544 7
1030 2
545 9
6912 1
1031 3
546 3
1032 3
547 7
1033 1
548 8
1034 1
549 10
1035 1
1036 1
1037 3
1038 2
1039 2
28125 1
13899 1
2731 1
2732 1
2733 1
2735 1
5227 1
5228 1
3134 1
3135 1
99627 1
550 9
551 6
552 7
553 4
554 4
555 5
1040 3
556 6
1041 1
557 2
1042 1
558 5
1043 3
559 9
1044 1
1045 2
1046 4
1047 1
9411 1
1048 4
1049 3
4830 1
4834 1
2742 1
2748 1
5233 1
5236 1
3140 1
10530 1
3142 1
3143 1
3145 1
3148 1
560 6
561 5
562 4
563 6
564 4
565 7
1050 2
566 9
1051 2
567 10
1052 2
568 8
1053 1
569 7
6936 1
1055 2
1056 4
1057 2
1058 3
1059 2
47936 1
155291 1
4843 1
23567 1
4846 1
7337 1
2750 1
2752 2
79451 1
2754 1
2755 1
2759 1
5248 1
53408 1
3152 1
3154 1
3155 1
3157 1
570 5
571 6
572 7
573 2
574 5
575 6
1061 2
576 3
1062 2
577 6
1063 4
578 6
1064 2
579 7
1065 1
1066 3
1067 6
80341 1
1068 4
1069 3
61851 1
16825 1
4854 1
4858 1
4859 1
2760 1
38695 1
2764 1
55090 1
5259 1
3160 1
3165 1
3167 1
3169 1
580 5
581 9
582 13
583 8
584 7
1070 1
585 5
6952 1
1071 2
586 4
1072 1
587 7
6954 1
1073 2
588 6
1074 1
589 5
1075 1
1076 3
1077 2
1078 3
1079 1
4863 1
19322 1
14742 1
2770 1
2773 1
2776 1
2777 1
5261 1
5264 1
5267 1
3173 1
27777 1
3176 1
3178 1
590 8
591 8
592 6
13054 1
593 6
594 4
595 6
1080 4
596 3
1081 2
597 5
6964 1
598 8
1083 3
599 6
1084 2
1085 2
1086 1
1087 1
1088 1
42080 1
1089 2
4870 1
4872 1
23599 1
4879 1
7365 1
2780 1
2782 2
2785 3
2788 1
17246 1
2789 1
5272 1
5274 1
5277 1
15152 1
247562 1
22318 1
3181 2
3182 1
3188 1
1500 1
1501 1
1502 2
1503 1
1504 1
1505 2
1506 1
1090 1
1091 1
1509 1
1092 2
6975 1
1093 4
1095 3
1096 3
9460 1
1097 2
1098 3
1099 3
4883 1
7371 1
2793 1
2796 2
5285 1
12678 1
3602 1
3604 1
3192 1
3194 1
3195 1
3196 1
1510 1
3199 1
1511 1
1512 1
1513 1
1514 3
1515 2
6981 1
1516 1
6982 1
1517 3
1519 2
4002 1
73637 1
4007 1
4891 1
4892 1
4893 1
5700 1
5702 1
5707 1
5293 1
3610 1
3615 1
6100 1
10593 1
1520 2
1521 1
1522 2
1523 1
1524 1
1526 3
18967 1
1528 1
1529 2
4011 1
6995 1
4018 2
26522 1
7807 1
7809 1
5716 1
8200 1
12698 1
60624 1
3621 2
6115 1
20251 1
1530 1
1531 1
6119 1
1532 2
1533 1
1534 2
61020 1
1538 2
4022 1
4027 1
9499 1
8213 1
3630 1
3634 1
6123 1
6128 1
1541 1
1542 1
13518 1
1544 1
1546 1
1547 2
1548 1
4030 1
1549 1
4034 1
9919 1
7822 1
5730 1
3641 1
6135 2
1550 2
1552 2
1553 2
1556 1
1558 1
1559 1
4040 2
19391 1
5744 1
5749 1
3655 1
3656 1
6140 1
3659 1
6141 1
6142 1
6144 1
1561 1
6149 1
1562 1
1563 1
1564 1
1565 2
1566 1
9931 1
1568 1
4050 1
11441 1
4054 1
4058 1
5755 1
8249 1
3662 1
6153 1
13544 1
1571 2
6159 1
1572 2
1573 2
1574 1
1575 3
16035 1
1578 1
1579 1
4061 1
4066 1
76181 1
19822 1
38317 1
7851 1
7858 1
200 9
201 8
202 6
3671 1
203 7
3672 1
204 10
205 6
3674 1
206 8
207 9
208 5
3677 1
209 5
3678 1
1580 1
1581 2
1582 2
13558 1
1583 1
1584 1
1585 1
1586 1
1587 3
9950 1
1588 1
1589 1
4073 1
11468 1
127609 1
7865 1
115864 1
5773 1
5778 1
8264 1
210 4
211 4
212 13
213 4
214 3
3683 1
215 6
216 5
217 2
218 6
3687 1
219 5
3688 1
6173 1
6175 1
1590 1
1591 1
1592 2
6179 1
1593 2
1595 1
1596 1
1598 1
1599 1
4080 1
4085 1
11479 1
2401 1
2404 1
2405 1
7871 1
2406 1
2407 1
220 4
221 4
222 4
223 3
224 5
225 8
226 4
227 6
228 4
229 2
3699 1
6187 1
23223 1
23224 1
4503 1
167582 1
4090 1
4093 1
4094 1
2410 1
2411 1
2413 2
110413 1
2416 2
368040 1
2417 1
2419 1
230 5
231 5
232 5
233 4
234 5
235 5
236 4
6603 1
237 5
238 4
239 4
6197 1
4511 1
4517 1
11497 1
2421 1
2422 1
2423 1
2425 1
2428 1
8295 1
240 3
241 3
242 3
243 5
244 3
245 6
246 3
6613 1
247 5
248 4
249 5
4521 1
9109 1
11912 1
7012 1
9999 1
2430 1
2435 1
2436 1
2438 1
12314 1
72464 1
10223 1
15691 1
41349 1
250 2
251 2
252 1
253 3
254 3
6621 1
255 3
256 3
257 3
258 4
259 4
4531 1
35880 1
11925 1
4539 1
7025 1
2441 1
2443 1
2445 1
2447 1
2449 1
33798 1
12322 1
10234 1
260 4
261 3
262 5
263 1
264 2
266 3
267 2
268 4
269 3
6637 1
25359 1
20772 1
4548 1
2454 1
19895 1
2456 1
2459 1
12336 1
10242 1
8738 1
270 2
271 3
22878 1
272 5
273 2
274 3
275 3
276 3
277 3
278 3
279 3
9139 1
4554 1
4555 1
69925 1
7042 1
64049 1
2462 1
2463 1
2466 1
2469 1
8745 1
281 2
56907 1
282 4
283 3
284 10
285 3
6652 1
286 3
287 6
288 2
289 12
6659 1
16537 1
4561 1
4568 1
45562 1
2471 1
7058 1
21195 1
2475 2
2476 1
2479 1
8752 1
700 4
701 5
702 6
703 4
704 4
705 2
706 4
290 2
707 8
291 2
708 2
292 2
709 4
293 3
294 7
6661 1
295 13
296 4
297 3
32547 1
298 1
299 3
6667 2
23700 1
9153 1
23294 1
7065 1
2481 1
2482 1
2484 1
2489 1
8766 1
710 6
711 3
712 5
713 4
714 5
1200 3
715 4
1201 2
716 6
1202 1
717 5
1203 3
718 3
1204 1
719 4
1205 3
1206 2
1207 1
1208 1
1209 3
6675 1
35044 1
4580 1
11971 1
4585 1
2900 2
40116 1
19049 1
2903 1
2905 1
2490 1
2493 1
2494 1
2497 2
2498 1
12374 1
3300 2
22021 1
3304 1
3307 1
96897 1
3308 1
720 3
721 6
722 5
10285 1
723 4
724 3
1210 2
725 3
1211 1
726 5
1212 2
727 6
1213 2
728 2
1214 1
729 5
1215 1
18656 1
1216 2
1217 1
1218 1
1219 1
6685 1
16566 1
4592 2
26215 1
7083 1
2915 1
2919 1
5403 1
3310 1
3315 1
3318 1
730 8
731 3
732 3
733 3
734 4
1220 2
735 4
1221 1
736 5
1222 1
737 1
738 3
1224 2
739 3
1225 2
1226 1
1227 2
1229 3
6698 1
9180 1
7503 1
7093 1
2924 1
2925 1
2927 1
5410 1
5414 1
5416 1
3324 1
740 3
8796 1
741 2
742 4
743 3
744 5
745 4
1230 3
746 3
1231 2
747 5
1232 2
18673 1
748 2
1233 1
749 3
1234 2
1235 3
1236 1
1237 2
1238 2
1239 1
11110 1
179846 1
9194 1
2933 1
2935 1
2936 1
2937 2
2939 1
12812 1
5424 1
77544 1
3330 1
3334 1
750 5
751 5
752 2
753 4
13215 1
754 3
1240 1
755 1
1241 1
756 3
757 3
1243 2
758 5
759 1
1245 1
1246 2
1247 2
1248 1
1249 2
9612 1
2941 1
2946 2
2947 1
2948 1
2949 1
5435 1
3340 1
3343 1
10732 1
3345 1
760 3
761 4
762 4
763 1
18690 1
764 3
765 5
1251 2
766 5
1252 1
767 3
1253 1
768 2
769 3
1255 1
1257 1
1258 3
1259 3
11137 1
131537 1
7532 1
19093 1
2950 1
2952 1
2953 1
2956 1
2957 1
2958 1
5442 1
3352 1
3354 1
22079 1
3358 1
3359 1
770 3
771 3
772 6
13234 1
773 6
774 5
1260 4
775 2
1261 2
776 3
1262 1
777 4
37197 1
1263 2
778 5
1264 2
779 3
1265 2
1266 4
1267 1
9630 1
1268 1
1269 1
9639 1
2960 1
79661 1
2964 1
2965 1
5450 1
3364 1
3368 1
780 2
781 2
782 7
783 4
784 4
785 4
1270 2
786 4
1271 3
787 3
1272 2
788 3
1273 2
789 4
1274 1
1275 3
1276 2
1277 1
1278 1
1279 1
28366 1
7556 1
2971 2
2974 1
17434 1
2977 1
5460 1
5464 1
15342 1
3370 1
3376 1
790 2
791 3
792 3
793 4
794 5
1280 5
795 6
796 5
1282 1
797 6
798 3
1284 2
799 3
1286 1
1287 1
1289 3
11169 1
14951 1
2980 1
2984 1
5475 1
96083 1
84754 1
3381 1
15358 1
3383 1
1700 2
1703 1
1704 1
1705 1
1706 1
1708 1
1291 1
1292 4
1293 1
1294 1
1295 2
1296 1
1298 1
1299 1
9666 1
2102 1
2103 2
2105 1
2107 1
2108 1
2109 1
2990 1
14969 1
2994 1
2998 2
2999 1
5488 1
3805 1
3806 1
3807 1
3393 1
3395 1
3396 1
3398 1
1710 1
3399 1
1712 1
1713 1
1715 2
1716 1
1717 1
1718 1
13278 1
1719 1
4205 1
9672 1
4207 1
54049 1
19551 1
2111 1
2113 1
2117 1
2118 1
5905 1
5490 1
5499 1
22538 1
3817 1
10793 1
1720 2
1721 1
1722 1
1723 2
1725 1
59931 1
1726 1
1727 3
1729 1
4212 1
4214 1
9682 1
2120 1
2121 2
2123 1
2124 1
2125 2
2126 1
2128 1
8401 1
3820 1
3825 1
6310 1
1731 1
6319 1
1735 2
1737 2
1738 2
4225 2
4227 1
9694 1
2131 1
2132 1
2137 1
2138 1
2139 1
5921 1
5929 1
8413 1
8417 1
3831 1
3834 1
111832 1
3837 1
25046 1
1740 1
1742 2
1744 1
1745 2
20466 1
1746 2
1749 1
4234 1
11626 1
4237 1
2140 1
2141 1
2143 2
2145 1
2146 1
2147 1
5937 1
27144 1
3842 1
3846 1
3848 1
6330 1
6334 1
1750 1
1751 2
1752 1
1753 1
1756 1
1758 2
1759 1
4245 1
4249 1
2150 1
2152 1
2153 1
2154 1
2155 1
2156 1
2158 1
2159 1
12031 1
24660 1
29248 1
5944 1
5946 1
8430 1
5949 1
8434 1
3851 1
3859 1
13735 1
1760 1
1761 1
1764 2
1766 1
30132 1
1768 2
28855 1
4256 1
2161 2
2164 1
2165 1
2169 2
5954 1
5955 1
8444 1
3862 1
3865 1
3868 1
6355 1
1770 1
1772 1
1773 1
1774 2
1776 2
16234 1
1778 1
4260 1
4261 1
4265 1
4268 1
83549 1
2171 1
2172 1
2173 1
2174 1
2175 1
2178 3
2179 1
31849 1
5968 1
8450 1
400 16
401 8
3870 1
402 12
8458 1
403 9
404 13
405 11
3874 1
406 16
407 7
408 12
409 10
3879 1
1781 2
6369 1
1783 1
1785 3
1787 1
1788 1
1789 2
4271 1
4275 1
14155 1
2181 1
2182 1
382131 1
2184 1
2187 1
2189 2
17943 1
5975 1
410 14
411 15
412 10
413 16
414 15
415 14
3885 1
416 9
417 14
418 16
419 10
3889 1
6373 1
1790 1
1792 1
1795 1
1796 1
1797 2
1799 1
4282 1
4287 2
2600 1
2603 1
2190 1
2608 1
2197 1
5980 1
43195 1
12075 1
3003 1
3005 1
420 17
3890 1
421 12
44004 1
422 10
423 9
3893 1
424 14
425 9
426 10
427 11
428 8
429 13
6380 1
6384 1
4701 1
30173 1
4709 1
11687 1
2612 1
2615 1
2616 1
2617 1
5104 1
5990 1
17969 1
5994 1
3011 1
5997 1
10404 1
3015 1
3017 1
3018 1
3019 2
430 10
8486 1
431 8
432 8
433 14
434 10
6801 1
435 14
436 13
18363 1
437 7
438 10
439 11
6391 1
6396 1
4716 1
2620 2
2621 1
2622 1
2626 1
2628 1
12501 1
5119 1
3021 1
3022 1
3025 1
3027 1
3028 1
440 10
441 10
442 10
443 15
8499 1
444 10
445 10
446 13
447 10
448 5
449 8
6817 1
20953 1
4720 1
61729 1
4727 1
4728 1
2631 1
2632 1
2635 1
2638 2
5125 1
206646 1
3032 1
3034 1
3035 1
15894 1
450 10
451 10
452 8
453 10
454 8
455 11
456 10
457 16
458 11
459 7
6828 1
9312 1
9315 2
4738 1
7225 1
2640 1
2641 1
2643 1
2646 2
2647 1
2649 1
5139 1
3042 1
8926 1
3045 1
3049 1
460 8
461 6
462 12
463 9
464 11
465 7
466 10
467 9
468 7
469 8
47831 1
198057 1
4740 1
4746 1
14623 1
2653 1
2656 1
2659 1
12531 1
58771 1
3050 1
15027 1
3054 1
3057 1
3058 1
3059 1
470 9
471 13
472 8
473 11
474 11
475 10
32725 1
476 11
477 6
478 9
479 8
9331 1
162361 1
274375 1
4754 1
4755 1
7247 1
2662 1
2663 1
2664 1
2668 1
2669 1
5158 1
15036 1
3062 1
3063 1
3068 1
480 8
481 8
482 8
483 10
484 12
485 6
18828 1
486 10
487 9
488 7
489 8
4760 1
7252 1
2671 1
2673 1
2674 1
2675 1
2676 1
2677 1
2679 1
5164 1
5169 1
3070 1
3074 1
900 3
901 2
3076 1
902 4
903 3
3078 1
904 2
3079 1
905 4
906 3
907 4
490 8
908 3
491 10
909 4
492 8
493 7
494 5
495 7
496 7
497 4
6865 1
498 9
499 7
4777 1
2684 1
2685 1
2687 1
2688 1
5174 1
3081 1
3083 1
3084 1
910 5
911 3
912 3
913 3
3088 1
914 5
1400 2
915 5
916 2
1402 1
917 3
1403 1
918 4
1404 1
919 1
1405 1
1407 2
1408 1
1409 1
4784 1
33157 1
7277 1
2694 1
2695 1
2696 1
2697 1
2698 1
5182 1
17159 1
5187 1
151468 1
3500 1
3504 1
3092 1
3093 1
920 2
921 1
922 3
924 3
3098 1
925 3
1410 2
926 1
1411 1
927 2
1412 4
928 3
1413 1
1414 1
1415 2
1416 2
1417 2
1419 2
4792 1
4797 1
5601 1
5606 1
5190 1
5192 1
12582 1
5196 1
3510 1
10900 1
3519 1
6001 1
930 3
8986 1
931 2
933 3
934 2
935 5
1420 2
936 3
1421 2
937 2
1422 1
938 2
1423 2
18864 1
939 2
1424 1
1425 2
1426 1
1427 1
1428 1
1429 2
9382 1
30683 1
16778 1
7706 1
7290 1
7296 1
5612 1
50876 1
3521 1
3524 1
3527 1
3528 1
940 2
941 2
942 2
943 4
944 3
945 3
1431 2
946 3
1432 1
947 1
1433 2
948 3
1434 1
949 4
1437 1
1438 2
1439 2
11310 1
31500 1
52978 1
5625 1
8115 1
3530 1
3533 1
68902 1
15094 1
3536 1
6022 1
951 2
952 4
953 1
6025 1
954 1
1440 2
955 3
1441 1
956 2
51283 1
1442 2
957 2
1443 1
958 2
37378 1
1444 2
959 1
1445 1
1447 1
1448 1
19285 1
5630 2
5633 1
3540 1
3543 1
3544 1
3548 1
960 3
961 4
6034 1
963 3
964 3
965 5
1450 2
13427 1
966 1
1451 1
967 3
1452 1
968 1
1453 1
969 3
1454 1
1456 1
1457 1
1459 1
9825 1
11333 1
19290 1
40367 1
5647 1
10940 1
22275 1
6040 1
3559 1
971 2
973 1
974 3
975 4
976 3
1461 1
977 4
978 5
1463 1
979 2
1464 1
1465 2
1467 1
1468 1
28552 1
1469 1
7741 1
33628 1
21881 1
5655 1
3565 1
3566 1
6050 1
10959 2
980 3
981 1
982 1
983 2
984 2
1470 2
985 2
986 1
1472 1
987 1
988 5
989 2
1475 2
1476 2
1477 4
1478 2
1479 1
9842 1
19722 1
7750 1
7759 1
5660 1
24383 1
22703 1
3574 1
3575 1
3579 1
6061 2
990 1
13452 1
991 2
992 3
993 4
994 2
6066 1
1480 1
995 1
1481 1
996 2
1482 1
997 2
1483 1
998 1
1484 1
999 1
1485 1
97976 1
1488 1
1489 1
11365 1
7768 1
17642 1
5670 1
5675 1
5677 1
34046 1
8167 1
3580 1
3582 1
3584 1
3585 1
1900 1
6072 1
1902 1
1903 1
1905 1
1907 1
1490 1
1908 1
1491 1
1909 1
1492 2
1494 1
1495 1
1496 2
1497 1
1498 2
2300 1
2302 1
2306 1
2308 1
43305 1
106938 1
5686 1
96293 1
3590 1
1910 1
1913 1
1914 1
1917 1
6088 1
1919 2
4405 1
80789 1
2311 1
11389 1
2315 1
2317 1
2319 1
5691 1
5695 1
8180 1
6500 1
6502 1
6503 1
10997 1
1920 2
6507 1
1922 1
6093 1
6094 1
1925 1
1928 1
13489 1
11805 1
4416 1
4417 1
9883 1
4418 1
2323 1
2325 1
2326 1
7793 1
2328 1
17678 1
8600 1
15580 1
8608 1
145 148
6512 1
146 56
147 42
148 24
149 32
1930 1
1931 1
1933 1
1935 1
1936 1
9891 1
4427 1
184319 1
2331 1
2332 1
2334 1
2335 1
2336 1
2338 1
2339 1
24842 1
150 32
151 28
152 19
153 21
154 18
6521 1
155 15
156 22
157 17
158 21
6525 1
159 18
1940 1
1941 1
1942 1
1943 1
1947 1
1949 1
9018 1
4432 1
23157 1
4439 1
2343 1
2344 1
2345 1
2346 1
2348 1
8621 1
160 16
161 15
162 15
163 17
164 11
165 15
166 10
167 16
168 12
169 14
1951 1
1952 1
1954 2
1955 1
1957 1
1959 1
4443 1
4445 1
4447 1
26953 1
2354 1
2355 1
8636 1
18511 1
170 15
171 11
172 10
173 13
174 15
175 9
176 9
177 7
6544 1
178 9
179 10
1960 1
1963 1
1965 1
1966 1
1967 2
1968 1
9036 1
11841 1
4458 1
2360 1
40872 1
2364 1
2367 1
10152 1
8649 1
180 10
181 9
182 10
183 7
184 7
185 10
186 7
187 10
188 9
189 10
6557 1
54710 1
1970 1
1973 1
1974 1
1977 1
4466 1
14341 1
2370 2
141907 1
2373 1
2374 1
2376 1
2379 1
600 6
601 7
602 4
603 4
604 2
10168 1
605 7
606 9
190 6
607 5
191 9
608 6
192 5
609 4
193 6
194 7
195 9
196 8
197 6
198 5
199 8
6566 1
1980 1
1982 1
1983 1
61470 1
1986 1
1988 1
1989 1
4472 1
2383 2
2385 1
2387 1
2388 1
2389 1
12261 1
12268 1
610 5
611 6
612 6
613 5
614 11
1100 1
615 5
1101 2
616 2
1102 4
68158 1
617 5
618 6
1104 2
619 4
1105 3
1106 3
1107 4
1108 1
1109 2
1990 1
6579 1
1994 2
1995 1
1998 1
4480 1
4486 1
2800 1
2801 1
2802 1
2803 1
2804 1
21527 1
2807 1
2394 1
2396 1
2399 1
3201 1
3202 1
3207 1
620 4
621 8
622 4
623 5
8679 1
624 4
625 9
1110 1
626 3
1111 1
627 4
1112 2
628 3
1113 1
629 4
1114 2
1116 2
1117 2
1118 2
6584 1
1119 2
54745 1
4907 1
4492 1
4495 1
4499 1
2812 1
160427 1
2815 1
2817 1
5306 1
3211 1
10602 1
3214 1
3217 1
630 3
631 3
632 5
633 5
634 8
635 4
1120 3
636 4
1121 4
637 4
1122 1
638 7
1123 1
639 4
1124 3
6590 1
1125 1
1126 2
1127 3
1128 1
1129 4
11004 1
4911 1
4919 1
2820 1
7409 1
2823 1
2826 2
2827 1
5310 1
12297 1
3220 1
3222 1
3227 1
640 5
641 6
642 9
643 1
644 6
1130 2
13106 1
645 3
1131 2
646 3
1132 3
647 4
1133 2
648 2
1134 2
649 3
1135 1
1136 1
1137 1
1138 1
1139 4
4925 1
146535 1
7417 1
2833 1
2834 1
2838 1
2839 2
67791 1
5327 1
15200 1
3230 1
3233 1
10624 1
3239 1
650 5
651 5
652 5
653 6
654 4
1140 4
655 5
1141 2
656 3
1142 2
657 5
658 5
1144 1
659 3
1145 2
1146 1
1147 1
1148 1
9513 1
9518 1
23656 1
4937 1
16497 1
2840 1
177666 1
2842 1
2843 1
2844 1
2846 1
2849 1
5336 1
5338 1
3240 1
3241 1
3244 1
3246 1
3248 1
660 4
661 5
662 5
663 7
664 2
665 4
1150 3
666 3
1151 2
667 1
1152 1
668 3
669 6
1154 3
1155 3
1157 1
1159 1
11030 1
4944 1
19406 1
45940 1
4949 1
19407 1
7434 1
2850 1
17312 1
2855 1
2858 1
5346 1
3251 1
3252 1
10644 1
3256 1
3259 1
670 4
671 4
672 4
674 4
675 4
44257 1
1160 2
676 5
1161 1
677 4
1162 3
678 8
1163 1
679 2
1164 1
1165 2
1166 2
1167 2
1168 2
1169 1
4952 1
30836 1
4958 1
7448 1
2862 1
2864 1
5351 1
5359 1
3260 1
123893 1
680 8
681 4
682 6
20305 1
683 4
684 4
1170 1
685 3
1171 2
686 6
1172 1
687 5
1173 2
688 5
689 4
1175 1
1176 1
1177 2
1179 2
9543 1
42175 1
88826 1
4966 1
4969 1
2870 1
2874 1
2877 1
5367 1
3270 1
3276 1
3279 1
690 5
32940 1
691 5
692 5
693 6
25782 1
694 3
695 5
1181 3
696 3
1182 1
697 3
1183 2
698 6
699 5
1185 1
1186 1
1187 1
1188 1
1189 1
4976 1
2880 1
2883 1
2884 1
17344 1
2888 1
5372 1
5378 1
15250 1
3282 1
3284 1
3285 1
3287 1
3288 1
1600 1
1602 1
1603 2
1605 2
1606 1
1190 2
1191 3
1609 2
1192 1
1194 1
1195 2
1196 2
1197 2
1198 1
1199 1
2001 2
2002 1
2003 1
2006 1
2007 1
14861 1
2009 1
7477 1
2892 1
2894 2
2895 1
2896 1
17355 1
58122 1
3702 1
3705 1
3707 1
3290 1
3292 1
3293 1
3298 1
1610 2
1611 2
1612 1
1613 1
1614 1
1615 1
1616 3
1618 4
13177 1
4104 1
9572 1
4107 1
4108 1
4990 1
11087 1
2010 1
2011 1
2012 1
2013 1
7481 1
2017 1
2018 2
14879 1
5802 1
5391 1
5809 1
5395 1
3711 1
3714 1
3715 1
6204 1
6205 2
1620 1
1621 1
1622 2
1623 1
1625 1
1626 1
1627 2
1628 2
1629 1
4111 1
4113 1
4116 1
4117 1
9583 1
2020 1
2021 1
2022 1
2023 1
7905 1
2024 1
2025 1
2026 1
2027 1
2028 1
5811 1
5818 1
3720 1
3722 1
15285 1
3728 1
13606 1
6218 3
1633 2
82597 1
1636 1
1638 3
4120 1
4126 1
4127 1
26631 1
2031 1
2033 1
2035 1
7919 1
2037 1
2038 1
5821 1
5827 1
8311 1
15704 1
3734 1
3737 1
3738 1
6226 1
32109 1
1640 2
1641 1
1642 1
13618 1
1644 1
1645 1
1646 1
1649 1
4132 1
4136 1
2040 1
2041 1
2043 1
2044 2
2045 1
2046 2
2047 1
5832 1
3743 1
3745 1
3746 1
6231 1
1650 1
6238 1
1651 1
1652 1
1653 1
1654 1
1656 2
4141 1
4142 1
4146 1
4149 1
14020 1
2050 2
2051 1
7933 1
2053 1
2055 1
2056 1
2057 1
2058 2
5842 1
65333 1
8332 1
3750 1
3751 1
18213 1
3756 1
3757 1
3758 1
3759 1
1660 1
1661 1
1662 2
6249 1
1663 1
1665 2
1666 1
1667 1
1668 2
1669 2
4157 1
2060 1
2063 2
2065 1
2068 1
5855 1
3763 1
3764 1
3768 1
1670 2
1672 2
6259 1
1673 2
1675 1
1676 2
1678 1
1679 1
4160 1
4166 1
4169 1
7952 1
2070 1
2074 1
2075 2
2076 2
322767 1
2079 1
5860 1
31743 1
5862 1
5868 1
8351 1
22904 1
300 2
301 2
302 2
303 2
304 3
305 2
3774 1
306 8
3776 1
308 3
3777 1
309 2
6261 1
6262 1
1680 1
6268 1
1683 1
1684 1
1685 2
1687 1
1688 1
1689 1
14052 1
2081 1
2082 1
14058 1
7965 1
2086 1
5871 1
310 2
311 3
3780 1
312 2
3781 1
313 2
314 3
3783 1
315 1
316 1
3785 1
317 6
318 1
319 3
3788 1
20821 1
1690 1
1691 1
1692 1
1693 1
1694 1
1696 1
1698 1
1699 3
4182 1
4183 1
11573 1
4186 1
291910 1
2500 1
4189 1
2501 1
2503 1
2505 1
2506 1
2090 1
2091 1
2094 1
2097 1
2099 2
5880 1
320 2
321 2
3790 1
322 3
3791 1
323 2
324 3
325 3
3794 1
326 1
3795 1
327 3
328 3
329 3
3798 1
13676 1
51959 1
16162 1
105443 1
4192 1
4196 1
4199 1
2511 1
2514 1
2515 1
2517 1
14077 1
7984 1
5001 1
5009 1
48985 1
5893 1
5896 1
5897 1
5899 1
330 2
331 4
332 4
333 2
334 4
335 2
6702 1
336 1
337 3
338 3
339 3
6291 1
4611 1
4613 1
11593 1
2520 1
2521 1
2523 1
2524 1
2525 1
2527 1
2529 1
5012 1
7999 1
17873 1
340 5
341 2
342 1
343 1
344 8
49808 1
345 15
346 19
18272 1
347 13
348 16
349 18
20854 1
4628 1
7110 1
7116 1
2534 1
19976 1
2536 1
2537 1
2538 1
14097 1
2539 1
268782 1
350 10
351 13
352 15
353 12
354 16
355 15
356 12
6723 1
357 15
358 10
359 12
6728 1
4635 1
4637 1
7126 1
2540 1
14516 1
2541 1
2547 1
17004 1
2549 2
5030 1
135312 1
8825 1
10333 1
360 15
361 13
362 12
363 13
364 12
365 14
366 11
367 10
368 17
369 12
9225 1
4642 1
4647 1
7134 1
2550 1
2552 1
2555 2
2556 1
5043 1
5045 1
370 14
371 11
372 10
373 9
374 14
375 11
6742 1
376 14
377 11
378 13
379 10
4653 1
4657 1
7148 1
2561 1
2564 2
2565 1
2566 1
2568 1
5058 1
12447 1
8845 1
380 14
381 12
382 10
383 13
384 11
385 13
386 11
387 13
388 12
389 16
9244 1
4661 1
16637 1
4666 1
4667 1
7152 1
2570 1
2573 1
2574 1
2575 1
2578 1
5067 1
800 4
801 4
802 3
8858 1
803 4
804 2
805 4
806 3
807 6
390 14
20013 1
808 5
391 9
809 2
392 12
393 11
394 11
395 13
6762 1
396 12
397 13
398 13
399 12
6768 1
59096 1
16645 1
4679 1
14550 1
2584 1
2586 1
2588 1
5072 1
5077 1
810 5
811 3
812 4
813 2
814 3
815 3
816 3
1301 1
817 2
818 4
1303 2
819 3
1304 1
1306 2
1307 1
1308 2
1309 1
6777 1
9267 1
30563 1
30569 1
4689 1
7172 1
2590 2
2592 1
17050 1
2595 1
2597 1
5082 1
3403 1
3404 1
3408 1
820 6
821 2
822 3
823 4
824 2
1310 2
825 4
1311 2
826 4
1312 1
827 2
1313 1
828 3
1314 1
829 2
1315 1
1316 1
1317 2
1318 1
1319 1
6787 1
16665 1
4694 1
5500 1
7189 1
232260 1
5507 1
5091 1
3410 1
12489 1
10801 1
3414 1
3415 1
8881 1
3419 1
830 1
831 2
832 2
833 4
834 4
1320 2
835 5
836 4
1322 1
837 2
1323 1
838 4
1324 2
839 6
1325 2
6791 1
1326 2
1327 2
1328 3
1329 1
119379 1
7194 1
5513 1
5518 1
8004 1
3426 1
3429 1
840 3
841 2
842 2
176153 1
843 1
844 3
1330 2
845 2
1331 1
846 3
1332 2
847 2
1333 2
848 3
1334 2
849 4
1335 2
1336 1
1338 2
1339 1
9293 1
5524 1
8014 1
3435 1
3439 1
850 3
851 2
852 2
853 2
854 3
855 5
1340 1
856 1
1341 1
857 4
1342 1
858 2
1343 1
25947 1
859 2
1344 2
1345 1
1346 1
1347 1
1348 2
16695 1
5531 1
3440 1
3441 1
3442 1
3444 1
3448 1
860 3
861 3
862 4
863 2
864 4
1350 1
865 2
1351 6
866 4
867 7
1353 2
868 3
1354 1
869 3
1355 1
1356 1
1357 3
57471 1
5541 1
8032 1
15422 1
3450 1
3452 1
3457 1
870 4
871 3
872 2
873 3
874 3
1360 2
25963 1
875 2
1361 3
876 4
1362 1
877 3
1363 2
878 1
1364 2
879 2
1365 3
1366 1
1367 2
1368 1
9731 1
1369 1
11249 1
19615 1
258770 1
7648 1
17523 1
5550 1
8046 1
3463 1
3465 1
87327 1
10858 1
3469 1
880 3
75583 1
881 2
882 1
883 4
884 2
885 2
1371 1
886 3
1372 1
887 4
1373 1
888 2
1374 1
889 2
1375 1
1378 2
5561 1
24286 1
5565 1
22600 1
12958 1
46563 1
3478 1
13350 1
890 3
891 3
892 1
893 2
894 3
895 1
1380 2
896 4
1381 2
897 2
1382 2
898 2
1383 2
899 2
1385 1
1386 2
1388 3
1389 2
11265 1
7660 1
5573 1
5575 1
15453 1
3481 1
3488 2
1800 1
1801 1
1802 1
1805 1
1806 1
1808 1
1391 1
1809 2
1394 1
1395 1
1396 1
1398 1
1399 1
9762 1
2202 1
2203 1
2206 1
2207 1
7675 1
7676 1
5585 1
8072 1
3905 1
3491 1
3494 1
1810 2
3499 1
1812 1
37749 1
1815 2
1816 1
44496 1
1818 1
4300 1
28490 1
9775 1
2211 2
2214 1
2215 1
2216 1
2219 1
5593 2
3910 1
3918 1
8089 2
6404 1
1821 1
78521 1
1822 2
1823 1
1826 1
102664 1
4312 1
11702 1
2220 1
38156 1
2222 1
2226 1
7692 1
2227 1
19668 1
2229 1
12109 1
120764 1
12999 1
3925 1
22649 1
3929 1
6412 1
1830 1
6418 1
1831 1
1832 1
1833 1
1834 2
82798 1
1836 1
1837 1
1838 1
4321 1
