4327 1
2232 1
2234 1
2235 1
182129 1
3932 1
10029 1
6425 1
1840 1
6427 1
1841 2
1842 3
1845 1
1846 1
1847 1
1848 1
1849 1
4335 1
231095 1
2240 2
2242 1
2243 1
100597 1
2244 1
2246 1
2247 1
2249 1
17590 1
27242 1
154807 1
3944 1
3946 1
3947 1
1854 1
1855 1
1857 1
1859 1
4347 1
2250 1
2252 1
2253 1
2255 1
2257 1
2259 1
12132 1
22675 1
3957 1
3958 1
6443 1
6445 1
1860 1
1862 1
1865 1
1866 2
1867 2
23070 1
4359 1
2260 1
2262 1
2263 1
2266 2
2267 1
2269 1
8545 1
8547 1
10058 1
3964 1
3969 1
1872 1
1873 2
674108 1
1874 1
1875 1
1876 1
1878 1
4362 2
2271 1
2273 1
2274 1
2278 1
500 6
501 11
3971 1
502 10
503 6
504 7
505 7
506 6
10069 1
507 5
3977 1
508 8
509 7
1881 2
25189 1
1883 2
1885 1
1887 1
1888 1
4370 1
1889 2
11765 1
2280 1
2282 1
2287 1
2289 1
510 8
3980 1
511 6
512 9
513 8
514 8
515 8
1000 2
3985 1
516 9
1001 4
517 7
1002 4
518 4
1003 1
519 5
1004 1
1005 1
1006 3
1007 3
1008 3
1009 2
6475 1
1891 1
1892 1
1893 2
1894 2
23513 1
1895 1
47474 1
1898 1
1899 1
4381 1
11772 1
2702 1
2703 1
2705 1
2706 1
2707 1
2290 1
2708 1
2709 1
2292 1
2294 2
2297 2
2298 1
3101 2
3105 1
3106 1
3107 1
520 5
521 5
3990 1
522 11
523 5
524 6
525 5
1010 3
3994 1
526 6
1011 2
527 7
1012 3
528 6
1013 3
529 9
1014 3
1015 3
1016 3
1017 1
1018 3
1019 1
6489 1
4802 1
4392 1
4394 1
26015 1
2713 1
2717 1
5201 1
3111 1
39046 1
3112 1
3114 1
3118 1
8584 1
3119 1
530 5
531 4
532 6
533 4
534 7
535 9
1021 3
536 7
1022 3
537 8
1023 3
538 3
63493 1
1024 3
539 5
1025 1
1026 2
1027 3
1029 1
4812 1
7304 1
2722 1
2724 1
2726 1
2727 1
5210 1
12606 1
3120 1
3122 2
3123 2
3125 1
3129 1
540 5
541 9
542 5
8598 1
543 9
544 9
49591 1
1030 1
545 8
6912 1
1031 5
546 4
1032 5
547 5
1033 1
548 5
549 4
1035 1
1036 1
13890 1
1037 3
1038 3
1039 2
4821 1
155275 1
4825 1
4828 1
7312 1
45824 1
2730 1
2732 1
2735 1
2736 1
2738 1
2739 1
5221 1
5223 1
5227 1
3130 2
3132 1
3133 1
3135 2
3137 1
3138 1
550 4
551 8
552 6
553 4
554 5
555 6
1040 1
556 8
1041 3
557 11
1042 1
558 11
1043 2
559 11
32392 1
1044 2
1045 1
6928 1
1046 2
1047 2
1048 5
1049 3
4832 1
16393 1
4839 1
2740 1
2743 1
38679 1
2744 2
2746 1
2747 2
2749 1
3140 1
3141 1
3146 1
3147 1
560 7
561 8
562 6
563 5
6930 1
564 8
565 4
1050 2
566 6
1051 3
567 7
1052 3
568 9
1053 4
569 6
1054 1
1055 2
1057 3
1058 3
1059 4
2752 1
2755 1
2757 1
2759 1
5249 1
3151 1
3152 1
3155 1
3157 2
3158 1
570 8
571 6
572 5
573 7
6941 1
574 6
1060 3
575 10
1061 2
576 6
1062 3
577 5
1063 1
578 6
1064 3
579 6
1065 4
1066 1
1067 1
1068 2
1069 3
42064 1
9436 1
4854 1
2760 1
2761 1
2762 1
2764 1
2766 2
2768 1
5254 1
27761 1
3160 1
3161 1
3163 1
15139 1
3166 2
44162 1
580 6
581 9
582 6
583 8
584 7
1070 3
585 8
1071 4
586 4
1072 3
587 6
1073 1
588 1
1074 1
589 3
6956 1
1075 3
1076 2
1077 1
1079 1
4860 1
23583 1
7357 1
2770 1
2772 1
2773 1
2774 1
2775 1
2777 1
5266 1
3170 1
3171 2
3172 1
3174 1
3175 1
10565 1
590 8
591 8
592 6
593 2
594 8
595 8
1080 2
596 5
1081 2
597 7
1082 1
598 9
1083 1
599 5
1084 1
1085 3
1086 3
1087 2
1088 1
1089 2
4870 1
2780 1
2785 1
2786 1
2788 1
5274 1
3180 1
3181 1
3182 1
3183 1
3185 1
3186 1
3187 1
1500 2
1501 1
1502 1
1503 2
1504 2
1506 2
6972 1
1507 1
1090 5
1508 1
1091 2
73621 1
1509 2
1092 3
1093 3
1094 2
1095 2
1096 2
6979 1
1097 1
1098 3
1099 3
4881 1
16857 1
7373 1
2790 1
2792 1
2793 1
2797 1
2798 1
2799 1
5281 1
17257 1
3600 1
3601 1
3602 1
3603 1
60608 1
3191 1
3192 1
3194 1
3195 1
3197 1
1510 1
3199 1
1511 2
1512 2
1513 2
1514 3
20235 1
1516 4
1517 1
1518 2
18959 1
1519 1
4000 1
6989 1
4893 1
5296 1
3610 1
3613 1
3615 1
3618 1
6100 1
63108 1
10598 1
1521 1
1522 1
1525 1
1526 1
1527 1
1528 1
1529 3
4019 1
7397 1
5712 1
8205 1
3620 1
3622 1
3623 1
3626 1
3627 1
3629 1
6112 1
1530 1
1531 1
1532 1
1534 2
1535 1
1536 2
1537 1
1538 1
1539 1
4022 1
9906 1
4025 1
4027 1
9494 1
11419 1
19375 1
14798 1
5725 1
3634 1
3637 1
3639 1
6127 1
1540 2
1541 2
18982 1
1542 1
1543 1
1544 2
1545 2
1546 1
1547 1
1548 2
9913 1
3646 1
13522 1
1550 2
13528 1
1553 3
1554 1
1555 2
1557 2
1558 2
1559 2
4040 1
4042 1
19390 1
5749 1
8234 1
3650 1
3654 1
6140 1
6144 1
1561 2
1562 2
1564 1
1565 1
1566 1
1568 1
1569 2
4053 1
38301 1
4056 1
7847 1
115848 1
5753 1
15636 1
8248 1
3664 1
3666 1
3667 1
3668 1
1570 1
1571 3
1572 3
13548 1
1573 2
1575 2
1576 1
1577 2
1578 1
16036 1
1579 2
4061 1
11451 1
4064 1
9948 1
4068 1
5764 1
200 9
8256 1
201 8
202 7
203 6
204 12
3673 1
205 7
3674 1
206 7
3675 1
207 17
208 12
3677 2
209 8
6165 1
1580 1
1581 2
1582 1
1584 3
1585 1
1586 2
1587 3
1588 1
1589 1
4072 1
167566 1
4076 1
4078 2
45078 1
368024 1
24494 1
8265 1
210 9
211 9
3680 1
212 9
213 11
3682 1
214 11
215 9
3684 1
216 8
217 6
218 10
219 9
3688 1
3689 1
1590 1
6177 1
1591 1
1594 2
1595 2
1597 1
1598 1
4080 1
2400 1
2403 1
2406 1
2408 2
5785 1
41316 1
96398 1
8273 1
220 10
221 9
222 8
223 7
224 8
225 7
226 7
3695 2
227 8
228 7
3697 1
229 9
6185 1
6188 1
4503 1
4093 1
2411 1
2413 2
90539 1
2414 1
2416 2
2419 1
7888 1
273731 1
5799 1
230 7
231 9
232 8
233 5
234 9
235 8
236 6
237 4
240520 1
238 8
239 9
6191 1
4513 1
11905 1
4519 1
2421 1
2422 1
2424 1
2426 1
2428 1
141549 1
15680 1
8293 1
240 5
241 10
242 8
243 7
244 10
245 9
246 4
6613 1
247 7
248 5
249 9
32087 1
20756 1
51878 1
2430 1
2433 1
33782 1
2435 1
2436 1
2438 1
2439 1
17780 1
10221 1
8715 1
250 8
251 6
252 7
253 7
254 6
255 4
25343 1
256 11
257 6
258 10
259 9
4532 1
4538 1
4539 1
7022 1
2440 1
2441 1
7029 1
2442 1
14418 1
2443 1
2445 1
2448 1
2449 1
260 8
261 6
262 6
263 5
264 4
265 5
266 11
267 7
268 5
269 8
9125 1
4544 1
2456 1
2457 1
2459 2
12335 1
270 12
271 8
272 10
273 103
274 9
275 7
276 21
277 7
6645 1
278 4
279 7
16520 1
23272 1
11948 1
7044 1
2461 1
2463 2
2465 1
2467 1
8748 1
280 6
281 6
282 8
283 4
284 5
285 10
286 9
287 15
288 10
289 7
250223 1
4562 1
4563 1
4566 1
7052 1
2470 1
2472 1
2476 2
2478 2
12351 1
29567 1
22005 1
10262 1
700 4
701 1
702 4
703 6
704 5
705 6
706 5
707 5
290 4
708 2
291 8
709 3
292 5
293 3
294 5
295 6
296 6
297 6
298 10
299 4
9155 1
4571 1
30455 1
4576 1
291894 1
2481 1
2484 1
2487 1
2489 1
710 5
711 2
712 5
713 4
18640 1
714 6
1200 1
715 4
1201 2
716 4
717 6
1203 1
718 6
1204 3
719 3
1205 2
1206 1
1207 1
1208 1
1209 3
4587 1
2900 1
2902 1
2903 1
2904 1
2490 1
2908 2
2491 1
2495 1
2496 1
2497 1
2498 1
3301 1
3305 1
720 4
721 3
722 5
723 3
724 4
1210 1
725 2
1211 1
726 4
1212 3
727 4
1213 1
18654 1
728 5
1214 1
729 3
1215 1
1216 1
1217 1
1218 2
1219 3
4592 1
9179 1
4595 1
19054 1
2912 1
2914 1
7086 1
2918 1
5405 1
5409 1
3310 1
3313 1
3318 1
730 4
10293 1
731 5
732 5
733 4
734 1
1220 1
735 3
1221 1
736 6
1222 2
737 3
1223 1
738 3
1224 1
739 3
1225 2
1226 2
1227 1
179830 1
1229 2
6697 1
2921 1
2923 1
2926 2
2928 1
5419 1
3322 1
3323 1
53166 1
3324 1
3327 2
740 3
741 3
742 4
743 5
744 4
745 3
1230 1
746 3
747 4
1232 3
748 5
1233 1
749 3
1234 4
1235 2
1237 3
1238 2
1239 1
9606 1
2930 1
19077 1
2932 1
2938 1
2939 1
5421 1
3330 2
10721 1
3336 1
750 4
751 3
752 3
753 3
754 3
1240 2
755 2
1241 1
756 4
1242 1
757 3
51084 1
1243 2
758 6
1244 1
759 3
1245 1
1246 2
1247 1
1248 1
1249 2
80526 1
131521 1
2940 1
2946 1
2948 1
5433 1
12828 1
3340 1
3343 1
3345 1
3348 1
3349 1
760 2
761 2
762 2
763 5
13225 1
764 3
1250 1
765 4
1251 2
766 2
767 3
1253 3
768 5
1254 1
769 2
1255 2
1256 1
1257 1
1258 3
11139 1
2950 1
2951 1
2953 1
2954 1
2955 1
2957 1
15326 1
3351 1
3359 1
770 4
771 3
772 5
773 3
774 2
1260 2
775 2
1261 1
776 5
1262 1
777 4
1263 2
778 2
1264 2
779 4
1266 3
1267 2
9631 1
1269 1
14936 1
2960 1
2961 1
2963 1
2968 1
5451 1
84738 1
3361 2
10751 1
3366 2
3367 1
3368 1
780 2
781 1
782 1
783 4
13244 1
784 3
785 2
1270 2
786 4
1271 1
787 4
1272 2
788 4
1273 1
789 3
1274 2
1275 2
1276 3
1277 2
1278 1
1279 1
7550 1
2973 1
2974 1
2975 1
2977 1
2978 1
5462 1
96074 1
15342 1
3370 1
3373 1
3374 1
3379 1
790 2
791 4
792 6
793 5
794 6
795 4
1281 3
796 3
1282 1
797 6
1283 1
798 4
1284 1
799 3
1285 1
1287 3
1288 2
1289 2
2982 1
2985 1
2987 1
2988 1
3382 1
3383 1
3387 1
1700 1
1703 1
1705 2
1706 2
1707 2
1290 2
1291 1
1709 2
1292 2
1293 2
1294 3
1295 1
1296 2
1298 2
1299 1
9665 1
2102 1
2103 1
2105 1
2109 2
2990 1
14966 1
2992 1
2993 1
2994 1
2995 1
79694 1
2998 1
2999 2
5488 1
3800 1
3807 1
3394 1
1712 2
1715 2
59923 1
1718 1
4200 1
4204 1
2110 1
2113 1
2114 1
2116 1
2118 1
2119 1
5902 1
17469 1
5498 1
3810 1
3815 1
6306 1
56148 1
1720 1
1721 1
1723 3
1725 1
1726 1
1727 2
1729 1
4215 1
4219 1
2120 1
2123 2
2124 1
2127 1
2128 1
2129 1
5913 1
8405 1
3823 1
3828 1
6310 1
20450 1
1730 2
1731 1
1734 2
1735 1
1737 1
1738 2
1739 1
4221 1
4226 1
2130 1
2131 1
2133 1
38068 1
2135 1
19577 1
2138 2
3830 1
3834 1
3837 1
1741 1
1742 1
1743 1
1744 1
1746 1
1747 1
11621 1
4237 1
2140 1
2141 1
2142 1
2146 1
2148 1
3842 1
3846 1
3849 1
6332 1
1750 2
1752 1
1754 2
1755 1
1756 1
1758 1
4240 1
1759 1
30124 1
4249 1
14126 1
2155 1
2157 1
2159 1
5946 1
8432 1
3850 1
120699 1
3854 1
3855 1
3856 1
1760 2
6349 1
1764 1
1765 2
1766 1
1768 1
4253 1
83533 1
2160 1
2161 2
2162 2
2164 1
2167 1
382115 1
5952 1
96562 1
3861 1
3867 1
3868 1
1770 1
1771 1
1772 2
1774 2
1775 1
1776 1
1777 2
4263 1
4268 1
2170 1
2171 2
2173 1
2174 1
5962 1
5966 1
400 15
401 11
402 13
3871 1
403 15
3872 1
404 18
405 18
406 17
407 16
408 11
409 12
13751 1
6365 1
1780 1
1781 2
1782 1
1785 2
1786 1
1787 1
1788 1
1789 2
4274 1
30157 1
4278 1
26783 1
2181 1
2183 1
2189 1
5970 1
8462 1
410 15
3880 1
411 15
412 14
413 12
3883 1
414 15
415 16
3885 1
416 10
417 13
418 15
3888 2
419 12
6375 1
1790 1
1793 2
1794 1
1795 1
1796 2
1798 1
1799 1
2600 1
2602 1
2604 1
2605 1
108028 1
2606 1
2190 2
2608 1
2191 1
2192 1
2198 1
3000 1
5986 1
3004 1
3005 1
3008 1
420 12
421 14
422 12
3892 1
423 11
3893 1
424 12
425 14
3895 1
426 9
87757 1
427 14
428 12
3898 1
429 15
3899 1
6385 1
13775 1
16262 1
4294 1
4296 1
2610 1
2615 1
2617 1
2619 1
5100 1
5108 1
3012 1
3017 1
430 8
431 12
432 14
433 9
434 8
435 13
436 12
437 11
438 13
439 13
61713 1
4715 1
57041 1
7208 1
2621 1
2622 1
2623 1
2625 1
2628 1
5112 1
3020 1
3023 1
41535 1
3025 1
3026 1
3029 3
440 12
441 12
442 11
443 12
444 12
445 10
446 13
447 13
448 10
449 10
9304 1
2631 1
2632 1
2636 1
2638 1
2639 1
5126 1
3031 1
58755 1
3035 1
450 12
451 12
452 8
453 12
454 10
455 7
456 14
457 11
458 9
459 9
20962 1
9316 1
162345 1
4735 1
2641 1
2646 1
2647 1
5139 1
8920 1
3040 1
3041 1
3042 1
450494 1
3043 1
3047 2
10438 1
460 11
461 8
462 11
463 11
464 12
465 14
6832 1
466 12
467 10
468 13
469 10
4744 1
4747 1
19207 1
7234 1
2650 1
2652 1
2653 2
2655 1
2659 1
5147 1
175387 1
3050 2
3051 1
3054 1
3056 1
470 8
471 11
472 13
473 12
474 11
475 12
476 14
477 11
478 9
479 14
16725 1
4756 1
7240 1
2662 1
2663 1
2665 1
2666 1
2667 1
36915 1
5154 1
3061 1
3064 1
3065 2
3067 1
3068 1
3069 1
480 8
481 9
482 10
483 11
484 11
485 8
486 7
487 8
488 9
489 7
4765 1
4767 1
7253 1
2670 1
2675 1
2678 2
12556 1
3072 1
3074 1
900 2
3075 1
901 5
902 5
3077 1
903 1
904 2
905 2
906 3
907 5
490 12
908 1
491 6
909 4
492 8
493 9
18837 1
494 10
495 10
496 8
497 7
498 10
499 7
47867 1
2683 1
17142 1
2686 1
81960 1
2687 2
5170 1
2689 1
151452 1
5178 1
46170 1
3081 2
3084 1
910 2
3085 1
911 1
3086 1
912 3
913 2
3088 1
914 2
3089 2
915 1
1401 1
916 1
1402 1
917 1
20123 1
1403 1
918 1
919 3
1405 5
1406 1
1408 1
1409 3
9365 1
28087 1
4784 1
200834 1
30667 1
4786 1
4788 1
95398 1
7275 1
2690 1
2692 2
2694 1
2696 2
2697 1
5186 1
5188 1
3501 1
3502 1
3503 1
3504 1
3505 1
3506 1
3508 2
3509 1
3092 1
920 4
27698 1
3095 2
922 1
3096 1
923 5
924 3
3098 1
925 3
1410 2
926 4
1411 1
927 3
928 3
1413 4
929 3
1414 1
1415 4
18856 1
1416 1
1417 2
1419 1
35250 1
5191 1
3514 1
3516 1
34866 1
15079 1
930 2
931 3
6003 1
932 2
933 4
934 1
935 3
1420 1
936 3
1421 3
937 4
1422 1
938 3
1423 4
939 2
1425 3
1426 2
1427 1
1428 1
1429 1
7705 1
5613 1
17175 1
81993 1
8104 1
3520 1
3521 1
3522 1
10913 1
3526 1
8994 1
940 5
941 4
942 1
943 2
944 2
1430 1
945 2
946 4
6018 1
1432 1
947 2
6019 1
948 2
1434 3
949 4
1435 1
1436 2
1437 2
1438 1
1439 1
19277 1
5622 1
50889 1
3530 1
3532 1
3533 1
3534 1
3538 1
3539 1
13411 1
950 2
951 2
6023 1
952 3
953 2
954 1
1440 1
955 5
1441 1
956 2
1442 1
957 2
1443 1
958 2
1444 1
959 2
1446 1
1447 2
1448 1
1449 1
28534 1
16792 1
7726 1
19288 1
5632 1
3540 1
3547 1
960 3
961 2
962 3
6034 1
963 2
75666 1
964 2
965 1
1450 2
966 3
6038 1
967 2
1452 2
968 2
1453 1
969 3
1454 1
1456 1
1459 1
21875 1
53802 1
34018 1
3550 1
3552 1
3553 1
10943 1
3556 1
3557 2
6041 1
18017 1
970 1
971 2
972 4
973 2
974 1
975 2
1460 1
976 3
1461 1
977 1
1462 2
978 1
979 3
1464 2
1466 2
9830 1
1467 2
1468 1
1469 2
7749 1
17626 1
194387 1
5658 1
3560 1
3562 1
3563 1
3564 1
3568 1
980 2
981 2
982 3
983 1
984 3
1470 1
985 4
6057 1
1471 2
986 1
97960 1
1472 2
1473 1
988 1
1474 1
989 1
1475 3
1476 2
1477 1
1478 1
1479 2
11354 1
5667 1
3570 1
3572 1
3575 1
3577 1
3578 1
6061 1
990 2
991 2
992 1
993 2
994 1
995 1
1481 1
996 2
1482 1
997 2
1483 1
998 3
1484 1
999 2
1486 1
1487 2
7761 1
31552 1
5676 1
8160 1
3585 1
3587 1
6070 1
1900 1
1901 1
6072 1
1902 1
1903 1
1904 2
1905 1
1906 1
1907 1
1490 1
1491 2
1492 2
1494 1
1495 1
1496 3
1497 1
1498 1
28585 1
2300 1
2301 1
2304 1
2307 1
3591 1
3592 1
3594 1
3596 1
1910 1
3599 1
1911 2
1913 2
13473 1
1915 1
1917 1
6089 1
4402 1
9875 1
2310 1
2311 1
2312 2
19756 1
2316 1
2318 1
74435 1
5691 1
5695 1
137 207
138 80
139 68
6506 1
1920 1
1921 1
1922 1
1924 1
6094 1
1925 1
1926 1
1927 1
1929 1
6099 1
54253 1
4412 1
2322 1
2325 1
2326 1
2327 1
2329 1
43326 1
10112 1
140 46
141 40
142 55
143 37
144 30
145 38
146 35
147 29
148 34
149 39
1930 1
1933 2
1934 1
1937 1
1938 2
1939 1
11813 1
4424 1
2330 1
14307 1
33680 1
2332 2
2333 1
2336 1
2337 1
17689 1
150 27
151 31
152 26
153 33
154 27
155 21
156 24
157 24
158 28
159 23
70277 1
13917 1
1942 2
1943 2
1945 1
1946 1
1947 1
4430 1
4435 1
2340 1
2342 2
26945 1
2343 1
2344 1
2349 1
8628 1
10136 1
160 24
161 20
162 18
163 21
164 19
165 21
166 24
167 22
168 14
169 20
1951 1
1954 2
20676 1
1955 3
1959 1
4441 1
4444 1
2350 1
2353 1
2354 1
2357 1
8632 1
170 19
171 19
172 20
173 14
174 20
13930 1
175 18
176 17
177 12
178 23
179 11
6546 1
1961 2
1964 1
1966 1
1967 1
4450 1
4455 1
11845 1
2360 1
2362 1
2363 2
2364 1
2365 1
2366 1
2367 1
43365 1
180 12
181 15
182 11
183 12
184 15
185 16
186 9
187 14
188 17
189 10
1970 2
6559 1
1974 1
9044 1
1976 1
61462 1
1978 1
1979 3
4468 1
2370 2
2372 1
2375 1
2376 1
2379 1
12253 1
29469 1
8655 1
600 7
68142 1
601 3
602 6
603 5
604 5
10168 1
605 10
606 6
190 8
607 4
191 8
608 9
192 10
609 6
193 11
194 16
195 14
196 16
6563 1
197 12
198 11
199 17
1980 1
1982 2
1987 1
1989 1
4477 1
2381 1
40891 1
127593 1
2384 1
2386 2
610 3
611 6
612 5
613 3
614 4
1100 2
615 3
1101 2
616 4
1102 1
617 5
1103 1
618 7
1104 3
619 5
1105 1
1106 3
1107 2
18548 1
1108 4
1109 3
6576 1
1993 3
54737 1
1997 2
1998 2
4483 1
160411 1
2800 1
2802 1
2807 1
2390 1
2391 1
2809 1
2393 3
2394 2
2397 1
2398 1
110397 1
3202 1
3203 1
3205 1
3208 1
620 3
621 5
622 2
623 2
624 6
625 9
1110 3
626 9
1111 1
627 6
1112 3
628 4
1113 1
629 8
1114 3
1115 2
6581 1
1116 3
13971 1
1117 2
1118 1
1119 3
16467 1
4491 1
2810 1
2812 1
2813 1
146519 1
2814 1
2817 1
67775 1
12281 1
5309 1
3212 1
3213 1
3214 2
3216 1
3219 1
630 6
631 3
8687 1
632 4
87962 1
633 5
634 5
635 3
10198 1
1120 3
636 8
1121 2
637 6
1122 1
638 3
1123 2
639 3
1124 2
1126 2
1127 1
1128 2
1129 1
4911 1
11005 1
7407 1
2820 1
2821 1
2822 1
2823 1
2826 1
2827 1
79529 1
3227 1
640 4
641 11
642 7
643 5
644 5
1130 4
645 4
646 3
1132 3
647 4
1133 2
648 5
1134 3
649 4
1135 4
1136 2
1137 1
1138 2
1139 1
9505 1
9093 1
177650 1
2831 1
2834 1
2835 1
2836 1
2838 1
5320 1
2839 1
12713 1
5325 1
5328 1
3230 1
3232 1
3233 1
3235 2
3236 1
3237 1
13111 1
650 4
651 3
652 3
653 4
654 3
1140 4
655 5
1141 2
656 3
1142 2
657 5
658 5
1144 1
659 5
1145 1
1146 2
1147 2
1149 2
4932 1
4933 1
4937 1
2842 1
2843 1
2845 1
2846 1
2849 1
5330 1
5338 1
3243 2
3246 1
3247 1
660 3
661 3
662 9
123877 1
663 4
664 5
665 4
1150 2
666 6
1151 2
667 4
1152 3
668 7
1153 1
669 3
1154 2
1155 2
1157 4
18599 1
1159 1
9524 1
30823 1
4942 1
42159 1
7431 1
7438 1
2853 1
2854 1
2855 1
2856 1
2858 1
5343 1
3250 1
3251 1
3253 1
3254 1
3255 1
3256 1
670 4
671 4
672 5
25761 1
673 3
674 3
32924 1
675 1
1160 1
676 3
1161 1
677 6
1162 2
678 5
1163 3
679 2
1164 2
1165 4
1166 2
1167 2
1168 1
1169 1
4957 1
4959 1
2860 1
7449 1
2863 1
2866 1
5350 1
2869 1
5358 1
53511 1
5359 1
3262 1
3263 1
10652 1
3267 1
3268 1
680 5
681 5
682 5
20305 1
683 5
684 2
1170 4
685 7
1171 1
13147 1
686 5
1172 1
687 4
1173 2
688 5
1174 1
689 5
1175 3
1176 3
1177 3
1178 1
1179 3
4964 1
11058 1
23688 1
7456 1
2872 1
2873 2
2874 1
2876 1
12751 1
58106 1
15242 1
3270 1
3271 1
3273 1
3275 1
3277 1
690 5
691 6
107015 1
692 4
693 6
694 5
1180 1
695 4
1181 3
696 4
1182 1
697 2
1183 1
698 3
1184 2
699 5
1185 1
1186 2
1187 3
1188 3
1189 1
4974 1
2883 1
2884 1
2885 2
2886 1
2888 1
3280 1
3281 1
3283 1
3284 1
3285 1
1600 1
1602 1
20324 1
1603 3
1604 1
1605 1
1606 1
1190 2
13167 1
1608 1
1191 1
1609 1
1192 1
1193 2
25797 1
1194 3
1195 3
1198 2
1199 1
9568 1
2000 1
2001 2
2003 1
2006 1
2007 1
2008 1
2009 2
2892 1
2894 1
2898 1
5383 1
5388 1
3700 1
3290 1
3708 1
3709 1
3292 1
3294 1
3295 1
3298 1
1610 2
1611 1
1613 2
1614 1
1615 3
1617 2
1618 1
4103 1
4109 1
4995 1
2012 1
26615 1
2013 1
4997 1
2014 3
2015 1
7481 1
2016 1
2018 3
2019 1
5803 1
5809 1
5398 1
3712 1
3714 1
111715 1
3719 1
6202 1
6203 1
37553 1
6206 1
1620 1
1622 1
1623 2
1624 1
1625 1
1626 1
1628 2
1629 1
4116 1
11091 1
7901 1
2021 2
2024 1
2026 1
2028 1
2029 1
5814 1
8303 1
3726 1
3728 1
3729 1
13600 1
6217 1
1631 3
1633 1
1634 2
1635 3
1637 1
1639 2
4123 1
4126 1
4127 1
4128 1
7912 1
2031 2
2034 2
2036 1
2037 1
2038 1
5826 1
65317 1
8315 1
3732 1
3734 1
1640 1
1641 3
6229 1
1642 1
1643 1
1644 1
1645 2
1647 1
1648 2
1649 3
4131 1
14013 1
2041 1
2042 2
2044 2
2046 1
2047 1
5835 1
3744 1
3745 1
3748 2
3749 1
1650 1
1652 2
1653 3
1656 1
1657 1
1659 1
4141 1
4149 1
2051 1
2052 1
2054 1
2055 1
2058 1
2059 1
5843 1
8335 1
3751 1
3754 1
1660 1
1662 3
1664 1
1665 1
1668 1
1669 4
4151 1
4153 1
76272 1
2060 1
2064 1
2065 1
322759 1
5851 1
31738 1
3763 1
3764 1
3768 1
6250 1
44764 1
1670 1
1672 1
1673 1
1675 2
1676 1
1677 1
1678 2
4160 1
4165 1
2071 1
2072 1
7955 1
2074 2
2075 1
5860 1
300 8
301 5
302 3
303 5
304 3
305 5
306 7
3776 1
307 5
308 4
309 8
20811 1
6260 1
1680 2
1681 1
1684 1
1685 1
1686 1
1687 1
4172 1
4173 1
14055 1
2080 2
2082 1
2084 1
2086 1
2087 1
2088 1
2089 1
48969 1
310 5
3780 1
311 5
312 5
313 8
3783 1
314 8
315 4
316 6
317 2
3787 1
318 2
319 7
6270 1
3789 1
32157 1
1690 1
1692 1
16150 1
1693 1
1694 1
1696 1
1697 1
1698 1
4180 1
1699 1
4186 1
2501 2
2503 1
2504 1
2506 1
2508 1
2091 2
2509 1
2094 1
2099 1
5884 1
320 6
321 6
322 5
3792 1
323 4
324 6
325 5
326 5
327 5
328 5
329 4
3799 1
6280 1
6287 1
4609 1
4192 1
4197 1
2511 1
2512 1
2513 1
2517 1
2519 1
268766 1
330 5
331 6
332 3
333 6
334 5
335 6
336 17
337 16
338 17
339 14
4616 1
19960 1
2521 1
2522 1
2524 1
2525 1
2528 1
7995 1
7997 1
8803 1
22946 1
340 14
341 18
8398 1
342 16
343 21
344 13
345 18
346 15
347 15
348 19
349 18
59040 1
6719 1
18278 1
4627 1
4629 1
2532 1
2534 1
2535 1
2536 1
2538 1
2539 1
5025 1
350 12
351 15
352 17
353 14
354 17
355 19
356 9
6723 1
357 12
358 12
359 11
4636 1
2540 1
2541 1
2543 1
2547 1
2549 1
360 15
361 14
362 13
363 14
364 12
365 12
366 13
367 13
368 16
369 16
9227 1
4648 1
2552 1
2553 1
17011 1
2556 1
2557 1
2559 1
5046 1
8832 1
10340 1
49833 1
370 10
371 11
372 13
373 15
374 12
6741 1
375 11
376 8
6743 1
377 13
378 15
379 13
4652 1
16629 1
4659 1
2561 1
2562 1
2565 1
2568 1
5051 1
380 9
381 15
382 13
383 11
384 12
385 13
386 10
6754 1
387 13
388 12
389 11
9240 1
105918 1
2574 1
2577 1
2579 1
5062 1
8852 1
800 3
801 2
802 3
10365 1
803 3
804 3
805 2
806 3
807 4
390 15
808 2
391 13
809 4
392 15
393 11
394 16
395 15
6762 1
396 9
397 15
398 14
399 13
30550 1
4673 2
14552 1
7164 1
52839 1
2582 1
7169 1
2586 1
2587 1
2589 1
5071 1
810 5
811 3
8867 1
812 3
813 4
814 2
815 3
1300 1
816 3
1301 1
817 3
1302 1
818 2
1303 3
819 3
1305 2
1306 1
1307 2
1308 2
1309 3
4681 1
4685 1
4688 1
7177 1
2590 1
2595 1
5083 1
12473 1
3400 1
3403 1
39339 1
3404 1
3406 1
3407 1
3408 1
3409 1
820 3
821 2
822 4
823 3
824 3
825 4
1311 2
826 2
1312 3
827 4
1313 1
829 3
1315 1
1316 1
1317 4
1318 1
1319 2
9273 1
4697 1
5506 1
5096 1
3412 1
3417 1
830 3
831 5
832 2
833 2
10396 1
834 5
1320 1
835 2
1321 2
836 2
1322 1
837 1
1323 1
838 3
1324 2
839 4
1325 1
1326 2
1327 1
1328 1
1329 2
11209 1
55353 1
5517 1
3421 1
3423 1
3424 1
3425 1
3427 1
3429 1
840 1
841 6
842 2
843 3
844 5
1330 3
845 4
1331 1
846 2
1332 2
847 3
1333 1
848 3
849 1
1335 4
1336 1
1337 2
1339 1
9296 1
7612 1
5522 1
103879 1
5529 1
3431 1
3432 1
3434 1
3437 1
3439 1
850 1
851 3
852 3
853 3
854 3
82719 1
855 2
1340 3
856 3
44438 1
1341 2
857 4
1342 2
858 3
1343 1
25947 1
859 3
1344 1
1345 4
1346 1
1348 2
1349 1
28433 1
7626 1
21768 1
5534 1
3441 1
3443 1
3444 1
10836 1
3448 2
860 5
861 3
862 2
863 2
864 1
1350 2
865 3
1351 1
866 4
1352 1
867 4
1353 2
868 2
1354 2
869 1
1355 1
1356 2
1357 1
1358 1
9721 1
1359 2
33518 1
8034 1
46547 1
15426 1
3452 1
3455 1
3457 1
3458 1
870 1
871 4
872 3
873 3
874 4
875 5
1361 1
876 3
1362 2
13338 1
877 2
1363 1
878 3
879 3
1365 2
1366 2
1367 2
1368 2
1369 1
11249 1
5553 1
3461 1
3462 2
3463 1
3464 1
10854 1
3465 1
3469 1
880 2
881 2
882 1
883 3
884 4
1370 1
885 2
1371 1
886 5
1372 2
887 4
1373 1
888 2
1374 1
889 2
1376 2
1377 1
1378 1
1379 2
12958 1
8055 1
3470 1
8058 1
3471 1
3472 1
3474 1
3476 1
3478 1
890 6
891 3
892 2
893 1
894 3
895 4
1380 2
896 3
1381 1
897 2
1382 2
898 3
1383 2
899 3
1384 1
1385 2
1386 3
1388 1
1389 2
40290 1
5573 1
5577 1
3481 1
3485 1
3488 1
1800 1
1803 1
1804 1
1805 1
78505 1
1807 2
1390 1
1808 2
1391 1
1809 1
1392 1
1394 2
1395 2
1396 1
1398 4
1399 1
2202 1
2205 1
2207 1
2209 1
7679 1
27208 1
3902 1
3907 1
3909 1
3493 1
3495 1
10884 1
3498 1
1810 1
1811 1
1813 1
1814 1
1815 1
1817 1
1818 1
1819 1
4304 1
2210 2
19652 1
2212 2
2214 1
2215 2
2219 1
24726 1
282374 1
5598 1
8084 1
1820 1
1824 1
1825 1
1826 2
1828 1
1829 1
4313 1
4318 1
2222 2
2224 1
2226 1
2229 1
31484 1
65505 1
22640 1
10016 1
3926 1
6417 1
1830 1
68886 1
1831 1
1832 1
1833 1
1835 1
1837 1
4320 1
1839 1
