38160 1
19670 1
2230 1
2235 2
2236 1
2237 1
2238 1
282394 1
8518 1
41149 1
3937 1
6420 1
6421 1
1840 1
1841 1
1842 1
6429 1
1845 1
1848 1
1849 2
4332 1
4338 1
2240 1
2244 1
2245 1
2246 1
43246 1
3941 1
25150 1
13821 1
6435 2
1850 1
1851 1
1853 3
1855 1
1857 1
1858 2
1859 1
4341 1
4349 1
2250 1
19692 1
2252 2
2256 1
2258 1
12135 1
182149 1
450514 1
15923 1
3955 1
3959 1
6441 1
176681 1
6443 1
6449 1
1863 1
1865 1
1866 3
1867 1
1868 1
2260 1
2261 1
2264 1
2266 1
2267 1
2269 1
55899 1
3965 1
107291 1
1870 1
1872 2
1873 2
1875 1
1876 1
1877 1
23080 1
1878 2
4360 2
11750 1
4368 1
14243 1
2270 1
2271 1
2272 1
2273 2
2276 1
2277 1
2278 1
15944 1
58398 1
500 5
27277 1
3970 1
501 4
178796 1
3971 1
502 9
503 7
504 7
505 10
10068 1
506 7
507 10
508 6
509 4
3979 1
6461 1
1880 1
1882 1
1883 1
1885 1
1886 1
1889 1
23509 1
16348 1
23096 1
4376 1
4378 1
2280 1
2282 1
2284 1
2286 1
2287 1
2289 1
10071 1
510 8
511 5
512 9
513 7
514 8
515 10
1000 1
3985 1
516 8
1001 2
517 4
1002 1
3987 1
518 5
1003 3
519 4
1004 1
1005 3
1006 2
6472 1
1007 1
1008 2
1009 2
1891 1
1892 1
1893 2
1894 1
674128 1
1895 1
1898 2
1899 1
4385 1
4387 1
4389 1
2702 1
2703 1
2704 1
2707 1
2291 2
2709 1
2296 1
2298 2
2299 1
12176 1
3100 1
3101 1
3103 1
3104 1
3105 1
520 6
521 6
522 8
523 7
8579 1
524 10
525 6
1010 1
3994 1
526 7
1011 1
527 4
1012 3
528 5
1013 1
529 6
1014 2
3998 1
25617 1
1015 2
1016 4
1017 1
6483 1
1018 4
1019 3
4809 1
4398 1
2711 1
2712 1
2715 1
2716 1
2719 1
5203 1
5208 1
3110 1
3113 1
3115 1
27718 1
3117 1
530 8
531 5
532 7
533 9
534 5
1020 3
535 6
6903 1
1021 1
536 7
1022 3
537 4
1023 3
538 3
6906 1
1024 4
539 6
6490 1
1025 2
6491 1
1026 1
1027 1
1028 4
1029 2
6495 1
13888 1
47494 1
4815 2
16377 1
11792 1
7308 1
2722 1
2726 1
2727 1
2729 1
5211 1
12606 1
3120 1
3123 1
3127 1
540 3
541 6
542 6
543 5
544 9
545 7
6912 1
1031 5
546 5
1032 2
547 6
1033 3
548 4
1034 2
549 7
6916 1
1035 1
1036 4
1037 2
1038 2
1039 2
28123 1
45824 1
2731 1
2732 1
2733 1
14293 1
2734 1
2737 1
5220 1
5227 1
3132 1
3135 1
550 6
551 8
552 5
553 7
554 4
555 5
1040 2
556 7
1041 1
557 5
1042 1
558 5
1043 2
559 3
1044 3
1045 2
1046 3
1047 2
9411 1
1048 2
1049 2
4831 1
4838 1
16398 1
7323 1
2742 1
2748 1
5231 1
5235 1
3141 1
10531 1
3142 1
3143 1
15119 1
3144 1
3149 1
560 3
561 6
68519 1
562 3
563 4
564 4
565 5
1050 3
566 4
1051 3
567 8
1052 3
568 8
1053 2
569 8
1054 2
6937 1
1055 1
1056 1
1058 2
1059 4
23560 1
155295 1
4846 1
33214 1
2750 1
2751 1
2752 1
2755 1
2756 1
2758 1
17218 1
5248 1
3151 1
3152 1
3154 1
3158 2
570 8
571 7
572 5
573 3
574 7
1060 2
13036 1
575 4
1061 1
576 5
1062 1
577 5
1063 2
578 4
1064 1
579 6
1065 2
1066 3
1067 4
1068 4
1069 3
16829 1
4854 1
4856 1
2762 1
2764 1
38699 1
2766 1
5251 1
55094 1
5258 1
53412 1
3169 2
580 4
581 7
582 7
583 9
584 7
1070 4
585 9
1071 5
586 8
1072 2
587 9
6954 1
588 5
1074 2
589 6
1075 2
1076 1
1077 1
1078 2
1079 2
9443 1
4863 1
4867 1
19326 1
2770 1
2774 1
50930 1
2779 1
5261 1
5263 1
5264 1
5269 1
12659 1
3173 1
590 4
591 6
592 8
593 4
6960 1
594 6
595 6
1080 3
596 5
1081 1
597 8
1082 3
598 3
1083 1
599 5
6966 1
1084 1
6967 1
1085 4
1086 3
1087 1
1088 1
1089 2
4870 1
4876 1
7365 1
2781 1
7369 1
2782 2
2784 1
2785 1
2786 1
2787 2
17246 1
58013 1
5274 1
5276 1
27781 1
3180 2
3181 1
3183 1
3185 1
1500 2
3189 1
1501 2
1502 2
44182 1
1504 1
1505 1
1506 2
1507 1
1090 2
1508 1
1091 2
1092 2
6976 1
1094 2
1095 3
1096 1
1097 3
1098 2
1099 2
4880 1
4882 1
4889 1
7373 1
7377 1
2793 1
2796 1
2798 1
5286 1
5287 1
3604 1
3609 1
3192 1
3193 1
3195 1
1511 3
1514 2
6980 1
1516 2
1517 3
1518 1
1519 1
4005 1
9478 1
4893 1
7389 1
5704 1
86668 1
24428 1
5708 1
5292 1
3615 1
3617 1
6104 1
6106 1
1520 2
1521 2
1522 1
1523 1
1524 3
1525 1
1526 1
1527 2
18969 1
1529 1
13089 1
4011 1
6995 1
4012 1
6997 1
73649 1
4019 1
5711 1
3621 1
3623 1
3625 1
6117 1
1530 2
6119 1
1532 1
20254 1
1533 3
1534 2
1536 2
1538 1
4024 1
11413 1
4028 1
4029 1
7819 1
5729 1
8215 1
3630 1
3635 1
6127 1
1541 1
1542 1
1543 2
1544 1
1546 1
1548 1
4034 1
4038 1
11428 1
7829 1
5732 1
17709 1
5739 1
3641 1
3645 1
1550 1
13526 1
6137 1
1551 1
1552 2
1553 1
1554 1
1555 1
1557 1
20278 1
1559 1
4041 1
4042 2
4049 1
19395 1
3655 1
3657 1
3658 1
6142 1
6144 1
1560 1
1561 2
1563 2
1565 2
1566 1
1567 1
1568 1
1569 1
4052 1
4054 1
11445 1
4056 1
4058 1
5751 1
3661 1
8249 1
3664 1
1570 1
1571 2
1572 1
1573 2
1574 1
1575 3
1576 1
1578 1
1579 2
4061 1
9947 1
4068 2
42579 1
7854 1
5761 1
200 8
201 5
3670 1
202 1
203 8
3672 1
204 8
205 4
3674 1
206 6
207 8
208 5
18134 1
209 6
3678 1
6160 1
13554 1
1581 1
1582 1
1583 2
1585 1
1586 2
1587 1
1588 1
1589 2
38321 1
4079 1
7867 1
115868 1
5775 1
5777 1
210 3
211 4
3680 1
212 8
8268 1
213 2
214 6
215 4
216 4
3685 1
217 3
218 5
3687 1
219 4
3689 1
6172 1
1590 1
1592 3
1593 2
1595 2
1596 1
1598 2
11472 1
4084 1
4087 1
127613 1
2403 1
2404 1
2406 1
2409 1
50158 1
5785 1
5789 1
220 5
221 4
222 3
223 3
3692 1
224 6
225 3
3694 1
226 3
227 5
228 3
229 3
6182 1
6189 1
4505 1
4093 1
4094 1
9977 1
4098 1
2411 1
2412 1
2413 1
7882 1
98905 1
2417 2
165495 1
2418 1
45098 1
2419 1
110417 1
368044 1
230 5
231 2
232 4
233 6
234 3
235 3
236 3
237 4
238 2
239 4
70356 1
13580 1
6192 1
6195 1
6199 1
4517 1
7004 1
2420 1
2422 1
2424 3
2427 1
2429 1
12301 1
27424 1
10210 1
240 2
241 1
242 2
243 4
8299 1
244 2
245 8
246 3
247 3
248 3
249 6
18176 1
6617 1
4520 1
11912 1
4524 1
2434 1
2435 1
8714 1
10225 1
15691 1
250 3
251 2
253 2
254 3
255 2
256 3
257 3
240540 1
258 3
259 3
6628 1
9117 1
11925 1
14411 1
2443 1
2445 1
2449 1
12322 1
41353 1
8727 1
260 4
261 2
262 5
263 3
264 2
265 1
266 2
267 1
6634 1
268 3
269 2
20776 1
4540 1
9129 1
4543 1
11934 1
7032 1
2451 1
2452 1
19895 1
2456 1
2458 1
2459 1
29545 1
8732 1
270 3
271 1
49735 1
272 4
273 1
274 2
275 4
25363 1
276 3
277 3
279 4
9137 1
4554 1
7041 1
7044 1
2461 1
2463 1
2464 1
2468 1
12340 1
8741 1
8748 1
280 3
281 1
282 1
283 1
284 3
285 4
286 8
287 3
288 3
289 1
6658 1
4560 1
4564 1
4567 1
2470 1
7058 1
2472 1
2474 1
21195 1
2476 2
2477 1
2479 1
700 5
701 3
702 3
56911 1
703 4
704 2
705 6
706 4
290 2
707 4
291 1
708 3
292 2
709 3
293 4
294 2
295 4
296 8
297 12
298 3
6665 1
299 3
4570 1
23292 1
61578 1
2481 1
2483 1
2484 1
710 4
10274 1
711 3
8768 1
712 7
713 5
714 6
1200 1
715 4
1201 1
716 7
1202 1
717 3
1203 2
718 4
1204 1
719 4
1205 3
6671 1
1206 2
1207 1
1208 1
1209 3
6675 1
35046 1
250243 1
4582 1
11971 1
4583 1
19046 1
2901 1
2904 1
2490 2
2909 1
2494 1
2496 1
2497 1
2498 1
12376 1
41810 1
3301 1
3303 1
22025 1
3306 1
3309 2
720 2
721 5
722 3
723 2
724 2
1210 1
725 5
726 5
1212 1
727 3
1213 2
728 3
1214 1
729 4
1215 1
1216 2
1217 3
1219 3
40120 1
4595 1
7082 1
5407 1
3311 1
3312 1
3314 1
8782 1
3318 1
730 3
731 7
732 5
733 2
18660 1
734 4
1220 2
735 5
1221 1
736 4
1222 3
737 1
1223 1
738 3
1224 1
739 5
1226 1
1227 1
1228 1
1229 2
6697 1
16576 1
9189 1
7507 1
2926 1
2928 1
2929 1
151282 1
5419 1
10714 1
8792 1
3327 1
10717 1
740 2
741 3
742 4
743 1
744 2
745 4
1230 1
746 4
1231 1
747 4
1232 3
748 1
1233 2
18674 1
749 3
1234 2
1235 1
1236 2
1237 3
1238 2
1239 3
23748 1
7513 1
2934 1
2938 1
5420 1
5425 1
5428 1
3331 1
3335 1
750 4
751 2
752 5
13214 1
753 5
754 1
1240 3
755 2
756 5
1242 2
757 3
1243 2
758 4
1244 1
759 3
1247 2
1248 2
1249 3
9616 1
11126 1
7525 1
2940 1
2941 1
2943 1
2945 1
2948 1
2949 1
5435 1
3340 1
3343 1
3345 1
3346 1
3349 2
760 3
761 2
762 2
763 5
764 3
1250 1
765 3
1251 1
766 3
1252 2
767 2
768 4
1254 1
769 4
1255 1
1257 1
1258 1
1259 2
7534 1
14925 1
19097 1
2955 1
2956 1
2959 1
5441 1
3355 1
3359 1
770 4
771 2
772 2
773 5
774 5
1260 2
13236 1
775 3
1261 2
776 4
1262 5
777 5
1263 3
778 4
1264 1
779 2
1265 1
1266 3
1267 2
1268 2
1269 2
80546 1
7544 1
2962 1
2965 1
2968 1
2969 1
5459 1
3361 1
3364 1
780 4
781 3
782 4
783 2
784 3
785 3
1270 1
786 5
1271 1
787 4
1272 1
788 1
1273 3
789 5
1274 1
1275 3
1276 2
1277 3
9641 1
1278 1
1279 2
7556 1
2973 1
2976 1
2979 1
5467 1
15342 1
3376 1
3377 1
790 2
791 3
792 2
793 2
794 4
1280 2
795 4
796 4
1282 2
797 5
1283 1
798 4
1284 1
799 4
1285 1
1286 3
1287 1
1288 1
1289 2
2984 1
2987 1
5477 1
12866 1
15354 1
3380 1
3383 1
3386 2
1700 2
1701 1
1702 1
1703 1
1704 1
1706 1
1290 1
1708 2
1291 1
1709 1
1292 1
1293 2
1294 1
1295 2
1296 1
1297 2
1298 1
1299 1
11175 1
2100 1
2103 1
2106 1
2107 1
2109 1
14965 1
2991 1
2993 1
2996 1
2997 1
2998 2
5488 1
3805 1
3807 1
3390 1
3808 1
3391 1
15369 1
3395 2
3397 1
1712 1
1715 1
1717 2
1718 2
4202 1
4205 1
4206 1
4208 1
2111 1
2113 1
2115 1
2118 1
2119 1
14978 1
5902 1
5905 1
5498 1
3810 1
3815 1
3818 1
10796 1
1720 2
1721 1
13281 1
1723 2
1725 1
1726 1
1727 1
1728 2
1729 1
54053 1
35564 1
4216 1
9684 1
11191 1
2120 1
2122 1
2123 1
2125 1
2126 1
2129 1
5919 1
3821 1
3825 1
6310 1
25037 1
1730 2
1732 1
1733 1
1734 1
1735 1
1737 1
1738 2
1739 1
4227 1
4229 1
9696 1
2131 1
2135 1
14991 1
2138 1
2139 1
5921 1
96534 1
8415 1
3831 1
3835 1
111836 1
6320 1
6325 1
1740 1
1741 1
1743 1
1744 2
1745 1
1746 1
1747 1
1748 1
1749 2
11625 1
4238 1
2141 1
2143 2
2144 2
2146 1
2147 1
2148 1
12026 1
5933 1
5937 1
8426 1
3840 1
3842 1
3847 1
1750 2
6339 1
1752 1
1754 1
1755 1
1756 1
1757 1
1758 2
4240 1
4245 1
4246 1
14126 1
2151 1
2152 1
2156 1
2157 1
2158 1
24662 1
5946 1
22571 1
8438 1
3851 1
3852 1
15828 1
1761 2
1762 1
1763 1
1765 1
1767 1
4255 1
28859 1
2160 2
2161 1
2163 1
2165 1
29252 1
2169 1
5951 1
5954 1
3860 1
3862 1
3868 1
6354 1
1770 2
1771 1
1774 2
1775 1
1776 2
1777 1
1778 1
4260 1
4262 1
4264 1
11658 1
2171 1
2172 1
2174 2
2177 1
2179 1
8454 1
400 13
401 9
3870 1
402 9
403 6
404 16
405 10
406 11
407 10
3876 1
408 16
409 13
44871 1
1780 1
6367 1
1781 1
1783 2
1787 3
1788 1
1789 1
4273 1
4275 1
30158 1
4276 1
2180 1
2182 1
172839 1
2183 1
382135 1
17940 1
2188 1
2189 1
31851 1
5976 1
410 15
411 13
3881 1
412 9
413 14
414 12
415 12
18342 1
3885 1
416 17
417 13
418 11
3888 1
419 12
32253 1
6371 1
6375 1
1790 1
1792 1
1793 1
1794 1
1796 1
1797 1
1798 1
1799 1
4287 1
4288 1
2600 1
2605 1
2190 1
2608 1
2191 1
2192 1
2197 1
2198 1
2199 1
17958 1
12079 1
3002 1
3005 1
3008 1
420 13
421 12
422 14
3892 1
423 10
3893 1
424 11
425 11
3895 1
426 12
427 10
428 9
429 11
6381 1
4293 1
4294 1
4299 1
2611 1
11689 1
2615 1
2618 1
2619 1
5102 1
5108 1
12086 1
5994 1
3011 1
5996 1
5997 1
3013 1
3015 1
3018 1
430 3
431 10
432 12
433 11
434 9
435 12
436 13
437 13
438 9
6805 1
439 10
6391 1
6397 1
4716 1
7200 1
2620 1
2622 2
2624 1
2625 1
27622 1
3020 1
3024 1
3025 1
3026 1
3029 1
440 10
441 10
442 12
443 10
444 7
445 9
446 11
447 10
448 10
449 10
4726 1
7216 1
2630 1
2631 2
2637 1
2639 1
5121 1
3036 1
450 6
451 11
452 8
453 7
454 8
87785 1
455 11
456 12
457 12
458 9
18385 1
459 8
6828 1
9314 1
4730 1
9317 1
4731 1
16708 1
16295 1
57062 1
2641 1
7229 1
2642 1
2643 2
2646 1
2647 1
5131 1
5139 1
36489 1
3043 1
3044 1
3048 1
3049 1
10439 1
460 9
461 9
462 8
463 10
464 12
465 8
466 11
467 9
468 6
469 7
28043 1
4745 1
4746 1
14622 1
7235 1
2650 1
2651 1
2653 1
17111 1
21377 1
3052 1
8935 1
3053 1
3059 2
470 12
471 9
472 7
473 10
474 11
475 8
476 8
6843 1
477 10
478 11
479 8
4753 1
274379 1
4755 1
4757 1
7240 1
7245 1
2660 1
7248 1
2661 1
14638 1
2663 1
2665 1
2667 1
15031 1
3060 1
3063 1
3064 1
72695 1
3065 1
480 6
481 6
482 6
483 9
484 9
485 9
486 10
487 8
488 8
489 6
9344 1
4767 2
64253 1
7250 1
2673 1
2674 1
2675 1
2676 1
5160 1
2679 2
12556 1
5168 1
8952 1
3074 1
900 5
901 2
902 4
903 3
20110 1
904 2
905 2
906 3
907 5
490 10
908 1
491 10
909 6
492 10
493 9
494 8
18838 1
495 2
496 6
497 6
6865 1
498 7
499 5
6867 1
61774 1
4776 1
7261 1
7266 1
2683 1
2687 1
5172 1
46176 1
3081 1
3084 1
910 4
3085 1
911 2
912 6
913 1
914 2
3089 1
915 6
916 4
1402 2
917 4
1403 2
918 2
1404 1
919 1
1405 2
1407 1
78106 1
1408 1
6873 1
1409 1
6876 1
4782 1
4788 1
7270 1
7275 1
2691 1
2694 1
2695 1
2696 1
2699 1
5185 1
3506 1
3090 1
3509 1
920 2
3094 1
921 2
3095 1
922 4
923 1
924 4
925 2
926 3
1411 2
927 1
1412 2
928 2
929 1
1414 1
1415 2
32764 1
1416 5
1417 1
6883 1
1418 1
1419 1
9372 1
47887 1
4799 1
7288 1
5603 1
17163 1
151477 1
5198 1
3513 1
3514 1
10904 1
3518 1
3519 1
930 3
931 1
932 2
933 4
934 2
20140 1
935 1
1420 2
936 2
1421 3
937 2
1422 1
938 3
939 3
1424 1
1425 3
18866 1
1426 1
1427 1
1428 1
200854 1
30687 1
7706 1
5611 1
3520 1
3521 1
3522 1
8109 1
3527 1
3528 1
3529 1
940 3
942 1
13404 1
943 3
944 1
1430 1
945 4
1431 2
946 4
1432 1
947 4
6019 1
1433 3
948 3
1434 1
949 1
1435 2
1436 2
1438 1
1439 1
9804 1
14694 1
5623 1
5628 1
15500 1
3538 1
950 5
951 2
952 3
953 3
954 1
1440 1
955 2
1441 1
956 1
1442 2
957 1
1443 2
958 3
1444 2
959 2
1445 2
1446 1
1447 1
1448 2
1449 1
11328 1
100607 1
7720 1
95848 1
52982 1
7727 1
19287 1
5638 1
8125 1
3540 1
3542 1
3544 1
3546 1
3548 1
960 2
961 2
962 3
963 2
964 1
965 3
966 3
1451 2
967 3
1452 2
968 1
969 5
1454 1
1455 2
1457 1
9821 1
1458 1
18899 1
231115 1
7739 1
40367 1
19299 1
5647 1
10940 1
3554 1
10944 1
970 1
971 1
972 2
973 2
974 1
975 2
1460 1
976 2
977 2
978 4
1463 1
979 4
1465 2
1466 2
1467 2
1469 1
28554 1
9834 1
5657 1
3561 1
3563 1
3567 1
68934 1
6050 1
980 3
981 1
982 2
75686 1
983 2
984 4
1470 2
985 1
986 3
1472 1
987 1
1473 2
988 3
989 2
1475 2
1476 1
1477 2
1478 1
1479 1
9842 1
33632 1
7750 1
7756 1
24387 1
5668 1
3570 1
8159 1
3573 1
10963 1
3576 1
3578 1
990 4
6062 1
13452 1
991 2
993 3
994 1
1480 1
995 4
1481 2
996 1
6068 1
1482 1
997 1
1483 1
998 4
1484 1
999 2
1486 2
1487 1
1489 1
11367 1
7761 1
5671 1
5672 1
5677 1
34048 1
8167 1
3580 1
3583 1
3584 1
3588 1
82863 1
1903 1
1904 1
1907 1
1491 2
1909 1
1492 1
1494 1
1495 1
1496 1
1498 2
2300 1
2303 1
7770 1
2306 1
2308 1
5684 1
5685 1
3590 1
3591 1
15568 1
3597 1
6080 1
1910 1
1912 1
1913 1
1914 1
6087 1
1917 1
6089 1
1919 1
4403 1
28591 1
9873 1
2311 1
2312 1
2315 1
17662 1
106940 1
31572 1
5694 1
8180 1
195230 1
1920 1
1921 2
10999 1
1922 1
6092 1
1924 2
1925 1
6095 1
1926 1
4413 1
4419 1
2321 1
2322 1
2323 1
2325 1
2326 2
7795 1
8604 1
10112 1
6511 1
13901 1
147 130
148 39
149 41
1930 1
1931 1
1933 1
13493 1
1934 1
1935 1
1938 1
9893 1
11819 1
2330 2
2332 1
2333 1
2336 1
2339 1
24844 1
8612 1
82013 1
150 23
151 30
152 31
153 20
154 13
155 20
156 16
157 12
158 25
6525 1
159 19
1941 1
1942 1
1946 1
1948 2
9018 1
4433 1
4434 1
2340 1
2343 1
2345 1
2347 1
17697 1
68115 1
160 14
161 13
162 10
163 14
164 16
165 13
166 8
13922 1
167 16
168 11
169 11
6537 1
1951 1
1952 1
1954 2
1955 1
1959 1
4443 1
11833 1
4445 1
19792 1
26955 1
14329 1
2354 1
2355 1
12236 1
10143 1
22770 1
8638 1
170 16
171 10
172 11
173 13
174 10
175 8
176 12
63547 1
177 7
6544 1
178 6
179 10
1961 1
1963 1
1964 1
1966 1
1967 1
1968 1
1969 1
9038 1
4458 1
2360 1
40872 1
2362 1
2364 2
2367 1
10156 1
18520 1
180 6
181 8
182 10
183 6
184 7
185 11
186 5
187 7
188 9
189 6
6556 1
6557 1
6559 1
1973 1
54714 1
1976 1
1978 1
1979 1
2372 1
2376 1
2377 1
8653 1
600 4
601 6
602 7
8659 1
603 4
604 4
10168 1
605 12
606 5
190 5
607 4
191 6
608 6
192 3
609 4
193 7
194 6
195 4
196 5
197 9
198 6
199 6
6567 1
6569 1
1983 1
23603 1
1986 2
23190 1
4470 1
16448 1
4474 1
4477 1
141911 1
2384 1
2385 1
2387 1
2388 1
2389 2
43385 1
610 5
611 4
612 5
613 7
614 6
1100 3
615 4
1101 3
616 7
1102 1
617 6
1103 2
618 6
1104 3
619 5
6570 1
1106 2
1107 4
1108 1
1109 2
1990 2
1991 1
1993 1
1994 1
1996 1
1998 1
4480 1
4486 1
2802 2
2803 1
2805 1
21526 1
2806 1
2808 1
2393 1
2396 2
2398 1
2399 1
3201 1
3202 1
3204 1
620 4
621 5
622 6
10185 1
623 4
624 2
625 7
1110 2
626 3
1111 2
627 8
1112 2
628 3
1113 1
629 7
1114 2
1115 3
6581 1
1116 1
1117 1
1118 2
1119 2
6586 1
66073 1
9070 1
54747 1
9077 1
4907 1
4497 1
4499 1
2811 1
2814 1
5306 1
3213 1
10604 1
3215 1
3216 1
630 5
8686 1
631 4
632 3
633 5
634 6
635 3
1120 2
636 5
1121 2
637 6
1122 2
638 7
1123 2
639 3
1124 2
1126 3
1127 2
6593 1
1129 3
4916 1
9087 1
16476 1
160431 1
2820 1
2826 1
2827 1
79529 1
12292 1
3223 1
3224 1
3226 1
3228 1
3229 1
640 5
641 5
642 6
643 4
644 6
1130 2
645 5
1131 2
646 6
1132 3
647 5
1133 2
648 4
1134 2
649 3
1135 1
1136 2
1137 2
1139 3
9503 1
4925 1
4928 1
7419 1
2833 1
146539 1
2838 1
2839 1
3232 1
3236 1
10627 1
3239 1
650 5
651 3
652 2
653 5
654 4
1140 3
655 7
1141 1
656 4
1142 1
657 6
1143 3
658 4
1144 2
659 7
1146 1
1148 1
11020 1
9514 1
9518 1
23656 1
4935 1
4937 1
2841 1
2843 1
17301 1
2846 1
2847 1
2849 1
5332 1
3241 1
3242 2
3244 1
3246 1
3248 1
10638 1
3249 1
660 3
661 3
662 5
663 8
664 6
665 5
1150 2
666 2
1151 2
667 2
1152 2
668 4
1153 1
669 3
1154 1
1155 2
1156 4
1157 1
1158 2
1159 2
11033 1
9529 1
2850 1
2852 1
2857 2
5347 1
5349 1
3252 1
3255 1
3256 1
10646 1
3258 1
670 1
671 3
672 2
673 5
674 3
675 3
1160 1
676 5
1161 1
13137 1
677 5
1162 3
678 5
1163 1
679 1
1164 1
1165 2
1166 3
1167 4
1168 2
4951 1
19410 1
4954 1
30838 1
4956 1
2860 1
7449 1
2863 1
12742 1
5359 1
3260 1
3261 1
3263 1
3268 1
680 5
681 2
123897 1
682 6
683 6
684 3
1170 1
685 2
1171 1
686 6
1172 2
687 5
1173 3
688 4
689 5
1175 2
1176 1
1177 1
1178 1
1179 1
11053 1
42177 1
4966 2
7453 1
2872 1
14848 1
5363 1
5368 1
3272 1
3274 1
3275 1
3278 1
690 5
691 3
692 6
693 7
694 2
32944 1
695 3
1181 3
25784 1
696 4
1182 1
697 5
1183 2
698 4
1184 1
699 4
1185 2
1187 1
1188 1
1189 1
88830 1
4971 1
4973 1
4976 1
7464 1
2880 1
2884 1
2885 1
2886 1
2888 1
5379 1
15252 1
3281 1
3286 2
37533 1
3287 1
3288 1
1600 2
3289 1
1605 3
1606 1
1607 1
1190 2
1191 2
1609 1
1192 1
1193 1
1194 1
1195 2
1196 2
1197 2
1198 3
9562 1
1199 2
2000 1
2001 1
4985 1
2003 2
2004 1
2007 1
2008 1
7474 1
2890 1
2892 1
2896 2
2898 1
5380 1
12770 1
3702 1
3704 1
15263 1
3706 1
3708 1
3709 1
3293 1
3294 1
3295 1
10686 1
1610 1
3299 1
1611 2
1613 2
1614 1
1615 1
1616 2
1617 1
1618 2
4100 1
9572 1
4109 1
4990 1
26611 1
2011 1
2012 2
7481 1
2017 1
2019 1
5807 1
5391 1
17367 1
5809 1
3710 1
5399 1
3716 1
3718 1
6203 1
6205 1
1620 1
1621 1
1622 3
20343 1
1623 2
1624 1
1626 1
1627 2
1628 3
1629 1
4110 1
11500 1
4111 1
4115 1
4117 1
9588 1
2022 1
2023 2
2024 1
7490 1
7908 1
2027 2
7909 1
2028 1
160937 1
7497 1
5816 1
5819 1
12792 1
15280 1
8308 1
3721 1
3727 1
6210 1
1630 1
1631 1
6218 1
1635 1
1636 2
1637 1
1638 1
4120 1
4124 1
2033 1
2038 1
5820 1
5822 1
3731 1
3735 1
3739 1
6222 1
6224 1
1640 2
1641 1
1642 1
1644 2
1646 1
1647 1
1648 2
4130 1
1649 1
4136 1
33802 1
2043 1
2045 1
2046 2
7929 1
2048 2
3745 1
6230 1
32113 1
6235 1
1651 2
13628 1
1653 1
1654 1
1655 1
16114 1
1657 1
1658 1
1659 1
4144 1
4145 1
4146 1
4149 1
14020 1
2050 1
2051 2
2052 1
14028 1
2054 1
2055 1
2057 2
2058 2
5843 1
8335 1
60752 1
3750 1
3751 1
3753 1
3755 1
3756 1
18215 1
3758 1
1660 1
1661 1
1662 2
1663 1
1665 1
1667 2
1668 1
1669 1
4152 1
2060 1
2062 2
7945 1
2064 1
2065 1
2066 1
2068 1
24575 1
8345 1
3760 1
3766 1
3768 1
6251 1
6254 1
1670 3
1672 1
1673 3
1675 2
1676 1
1678 1
4160 1
4165 1
19921 1
7951 1
2071 1
2072 1
2073 2
7956 1
2074 1
2076 1
2077 1
2079 1
322769 1
5860 1
5863 1
5867 1
65357 1
300 1
22908 1
302 1
303 2
304 1
305 1
306 2
3775 1
307 1
308 4
3777 1
309 1
6260 1
3779 1
1680 1
6268 1
1682 1
1684 1
1686 1
1687 2
1688 1
1689 1
4171 1
4178 1
4179 1
76292 1
14052 1
2081 1
2082 1
2085 1
2086 1
2088 1
5871 1
31758 1
310 2
311 2
312 1
313 1
314 3
315 1
3784 1
316 1
3785 1
317 2
319 2
3788 1
20823 1
6272 1
1690 2
1691 1
1693 1
155042 1
1694 1
1698 3
4182 1
4187 2
2501 1
291914 1
2504 1
2505 1
2507 1
2090 1
26693 1
2508 1
2094 1
2096 1
7979 1
2099 2
5888 1
320 2
321 2
8378 1
323 3
3792 1
324 2
3793 1
325 1
326 2
327 1
328 1
329 3
3798 1
6287 1
4600 1
4191 1
4194 1
105447 1
2510 1
4199 1
2514 1
14075 1
2517 1
2519 1
5001 1
7986 1
5007 1
17861 1
5891 1
5897 1
330 2
331 1
332 1
333 2
334 4
335 2
336 2
6703 1
337 2
338 3
339 2
51961 1
13680 1
6295 1
4611 1
4616 1
7101 1
2521 1
2522 1
2523 1
2524 1
2526 1
2529 1
5014 1
8802 1
340 2
341 2
342 2
343 1
344 1
15789 1
345 1
346 17
347 17
348 17
349 11
20856 1
4623 1
7112 1
2533 1
2534 1
2538 1
268786 1
8819 1
350 14
351 12
352 15
353 15
354 12
6721 1
32604 1
355 13
356 14
6723 1
357 12
358 10
6725 1
359 9
4630 1
23358 1
2540 1
7127 1
2541 2
2542 1
2545 1
5031 1
5032 1
12429 1
10332 1
135316 1
10336 1
360 13
361 11
362 11
363 11
364 13
365 16
6732 1
366 10
6733 1
367 14
368 17
369 8
59060 1
9226 1
4644 1
4649 1
2550 1
2551 1
2553 1
2555 1
2556 1
2557 1
2558 1
5043 1
5045 1
370 12
371 14
372 10
373 11
374 9
375 8
376 11
6743 1
377 11
378 17
379 10
9231 1
4658 1
7147 1
2560 1
2564 1
2565 1
2566 1
2568 1
5054 1
8847 1
380 10
381 11
382 10
383 15
384 13
385 14
25473 1
386 8
387 10
388 11
6755 1
389 22
9248 1
4666 1
21705 1
2570 1
17031 1
2575 1
2577 1
2578 2
5060 1
84346 1
800 3
801 3
802 4
22992 1
803 3
804 4
805 3
806 3
390 14
807 3
391 13
808 3
392 18
809 3
393 9
394 9
395 9
396 10
397 9
398 17
399 13
16641 1
4670 1
9258 1
16649 1
4677 1
7162 1
2584 1
2586 1
2587 1
5076 1
810 3
8866 1
811 5
812 5
813 4
814 3
815 5
1300 1
816 4
817 2
818 3
1303 2
819 3
1304 1
1306 3
1308 3
42301 1
30565 1
7172 1
93610 1
2590 2
2592 1
2595 1
2596 1
2599 1
3402 1
3403 1
3404 1
3407 1
3409 1
820 3
821 2
822 5
823 5
824 1
1310 2
825 2
826 3
97800 1
1312 1
827 5
1313 1
828 1
1314 1
829 2
1315 3
6781 1
1316 1
1317 2
28401 1
1318 1
30571 1
9276 1
4693 1
4699 1
79714 1
7186 1
5506 1
5093 1
3410 1
3415 1
3418 1
8885 1
830 3
831 2
832 1
833 1
834 3
1320 1
835 3
1321 1
836 2
1322 2
837 5
838 6
1324 1
839 7
1325 2
1326 2
1327 1
1328 3
9283 1
7606 1
7193 1
5517 1
8002 1
12493 1
96128 1
3421 1
3423 1
60429 1
3428 1
13301 1
840 3
841 2
842 3
843 1
844 4
1330 2
845 2
1331 2
846 4
1332 2
847 1
1333 1
848 3
1334 2
849 1
119383 1
1335 2
1336 2
1337 2
1338 1
1339 1
59546 1
19173 1
5522 1
12912 1
5524 1
5529 1
8016 1
22151 1
3430 1
3433 1
3436 1
3439 1
850 4
851 2
852 2
853 4
854 4
855 4
1340 1
856 1
1341 2
857 3
1342 1
858 2
1343 1
859 3
37279 1
1345 2
25949 1
1346 4
1347 1
11228 1
16697 1
7628 1
48621 1
5538 1
3444 1
3445 1
3448 1
860 3
861 3
862 2
863 2
864 3
1350 1
18791 1
865 4
1351 1
866 4
1352 3
867 4
1353 3
868 4
869 4
1355 4
1356 1
1357 3
1358 1
9724 1
5545 1
8034 1
15426 1
3451 1
3453 1
870 2
871 3
872 3
873 2
82739 1
874 3
1360 1
875 3
44458 1
1361 2
876 2
1362 2
877 3
1363 2
878 2
1364 1
879 3
1365 2
1366 1
1367 2
1368 1
1369 3
7648 1
31433 1
17527 1
5551 1
12948 1
5559 1
3460 1
3465 1
3466 1
3467 1
10858 1
880 2
881 4
882 2
883 2
884 4
885 3
1371 1
886 1
1372 1
887 3
1373 2
888 3
889 1
1375 1
1376 1
1377 1
1378 1
1379 1
11251 1
8052 1
22604 1
8057 1
3472 1
10863 1
3474 1
890 2
49059 1
891 4
13352 1
892 1
893 3
894 4
895 2
1380 1
896 3
1381 1
897 1
1382 2
898 3
1383 2
899 1
1384 1
1385 1
1387 2
1388 1
1389 1
7660 1
7662 1
24290 1
5573 1
3482 1
3483 1
3488 1
1801 1
1803 1
1804 1
1806 1
1390 2
1809 2
1392 1
1393 1
1396 1
1397 1
1399 1
9767 1
11278 1
2204 1
2206 1
2207 1
2208 1
7674 1
7677 1
5587 1
8074 1
3907 1
3491 1
3494 1
3495 1
1811 1
1812 2
1813 1
1815 1
1816 1
20538 1
1818 1
4300 1
4303 1
11286 1
2211 2
2213 1
2215 1
2216 1
2217 1
2218 1
2219 1
7689 1
12980 1
10001 1
5597 1
3912 1
6400 1
3919 1
37753 1
6407 1
1820 2
1823 1
1824 2
1826 1
1827 1
4314 1
102668 1
11704 1
61319 1
4319 1
2220 1
2222 1
2227 3
2229 1
7696 1
12109 1
120766 1
27228 1
8093 1
3923 1
10019 1
3929 1
1831 1
1832 1
78531 1
1835 2
1836 1
1838 1
4321 1
