15252 1
29348 1
2770 1
6091 1
2730 1
6010 1
2321 1
2362 1
2772 1
15296 1
2322 1
2363 1
2323 1
2325 1
2366 1
2735 1
2776 1
2326 1
2777 1
2327 1
2368 1
2369 1
2738 1
6429 1
3010 1
7930 1
3093 1
3421 1
3831 1
68134 1
3014 1
3056 1
12259 1
12219 1
3879 1
7979 1
3839 1
490 6
4560 1
4970 1
450 7
491 13
860 4
4110 1
17003 1
410 15
451 10
492 7
820 2
861 2
411 19
452 7
493 5
821 2
862 2
412 11
453 12
494 6
822 5
863 1
4154 1
4523 1
413 11
454 9
495 7
823 1
17499 1
414 12
455 11
496 10
824 2
865 2
4197 1
415 12
456 11
497 8
825 3
866 4
416 8
457 12
498 11
826 3
867 2
4117 1
417 15
458 9
499 4
827 3
868 4
8628 1
418 13
459 9
828 1
869 1
4119 1
419 12
829 2
20713 1
24486 1
1190 1
1150 2
1191 2
1560 2
1970 2
1110 1
1151 1
1192 1
1520 1
1930 2
1971 2
1111 3
1152 1
1193 3
1521 2
1562 3
1972 1
1112 1
1153 1
1194 1
1522 3
1563 1
1932 2
1973 1
9722 1
14005 1
1113 1
1154 1
1195 1
1523 3
1564 1
1933 3
1974 1
1155 1
1565 1
1934 2
1115 2
1156 1
1197 1
1525 2
1566 2
1935 1
1976 2
29680 1
1116 2
1157 1
1198 1
1526 3
1936 2
1977 3
5667 1
1117 1
1158 2
1199 1
1527 2
1937 3
1978 1
1118 4
1159 3
1528 1
1569 2
1938 2
1979 2
1119 2
1529 1
1939 2
42151 1
11082 1
2290 1
63273 1
2210 1
2251 1
2292 1
2620 1
2662 1
2212 1
2294 1
11415 1
2254 1
2295 2
2623 1
194379 1
2255 1
2624 1
2215 1
2256 1
2297 1
2216 1
2257 3
2298 1
2626 1
2299 1
22951 1
2218 1
2259 1
2669 2
2629 1
22547 1
3350 1
3391 1
7040 1
3720 1
3352 1
3312 1
3724 1
3765 1
7086 1
3725 1
7499 1
13200 1
13652 1
380 8
790 5
4491 1
340 19
381 8
750 1
791 5
4041 1
79529 1
300 5
341 13
382 12
710 3
751 5
792 1
4001 1
4452 1
96506 1
301 5
342 18
383 11
711 3
752 3
793 2
302 2
343 15
384 10
712 4
753 1
794 4
61705 1
303 7
344 11
385 8
713 2
754 2
795 6
4086 1
304 6
345 14
386 10
714 2
755 4
796 5
305 6
346 13
387 9
715 3
756 2
797 3
4006 1
306 4
347 10
388 10
716 5
757 1
798 7
307 6
348 10
389 14
717 3
758 2
799 5
308 4
349 9
718 6
759 4
309 7
719 3
14790 1
76157 1
1080 2
1490 1
18852 1
72468 1
1040 2
1081 2
1450 2
1491 1
1860 2
1000 2
1041 2
1082 2
1410 3
1451 1
1492 2
1820 1
1861 2
31730 1
1042 3
1083 1
1411 1
1452 1
1821 2
5101 1
5921 1
1002 3
1043 2
1084 1
1412 1
1453 1
1863 1
1003 1
1044 3
1085 3
1413 2
1454 2
1495 2
1823 2
1864 2
5595 1
9203 1
1045 2
1086 1
1414 2
1455 2
1824 1
1865 2
1005 3
1046 2
1087 2
1415 1
1456 1
1497 1
1825 2
1866 3
5556 1
1006 1
1047 1
1088 1
1416 1
1457 3
1498 2
1826 2
1867 1
9616 1
1007 3
1048 2
1089 2
1417 2
1458 1
1499 1
1827 2
1868 1
5148 1
5517 1
1008 5
1049 3
1418 1
1459 2
1869 3
1009 3
1419 1
1829 1
2180 1
2181 1
2591 1
6691 1
2182 1
2592 1
2961 1
2101 1
2142 1
2183 2
6242 1
2102 2
2143 2
2512 1
2103 1
2144 1
2554 2
2595 1
2145 2
2105 1
2187 1
2515 1
2597 1
2106 1
2147 1
2107 2
2189 1
2558 1
2599 1
2968 1
2108 1
2149 1
6249 1
2519 2
80518 1
3281 1
12443 1
7340 1
3693 1
3284 1
3612 1
3203 1
3244 1
16506 1
3245 1
3614 1
3696 1
7796 1
3205 1
3246 1
3656 1
3208 1
3659 1
3619 1
7309 1
58747 1
23575 1
4790 1
270 4
680 3
34660 1
96066 1
230 8
271 5
640 4
681 2
4382 1
231 6
272 18
600 4
641 4
682 3
4342 1
4383 1
17604 1
232 7
273 5
601 7
642 4
683 5
86811 1
233 4
274 7
602 3
643 4
684 3
234 6
275 5
603 5
644 4
685 5
4755 1
8814 1
235 10
276 5
604 3
645 3
686 4
4346 1
236 8
277 5
605 5
646 3
687 4
4757 1
65329 1
237 8
278 6
606 4
647 6
688 4
238 3
279 5
607 7
648 3
689 5
239 5
608 3
649 5
609 10
24267 1
1380 1
1790 2
1340 2
1381 1
1750 2
1791 1
20949 1
1300 2
1341 2
1382 1
1710 1
1751 1
1792 1
1301 2
1383 1
1711 2
1793 2
1343 1
1384 1
1712 1
1753 1
1794 2
5853 1
1344 1
1385 1
1713 1
1754 2
5485 1
10916 1
1304 2
1386 3
1796 1
1305 1
1715 2
1756 3
1797 2
5897 1
56883 1
1347 1
1388 2
1716 2
1757 2
1798 1
5078 1
5447 1
1348 2
1389 1
1717 2
1758 2
1799 2
1308 2
1349 1
1718 1
1759 2
1309 1
2070 1
2480 1
2030 3
2071 2
2440 1
2031 1
2072 1
2400 1
2441 1
2851 1
2032 3
2073 1
2483 1
2852 1
6583 1
2033 1
2894 1
6994 1
6912 1
2034 1
2075 2
2035 2
2076 1
2404 1
2445 1
2814 1
19069 1
15789 1
2077 1
2446 1
2815 1
6546 1
167558 1
2037 1
2078 2
2406 2
2038 1
2079 1
2858 1
2039 1
2408 2
2449 1
2819 1
47912 1
3170 1
3130 1
3992 1
3132 1
3542 1
81952 1
3503 1
3913 1
3995 1
3135 1
3176 1
3177 1
3997 1
3179 1
3509 1
150425 1
160 17
570 5
980 1
161 21
530 6
571 9
940 4
981 2
4641 1
13885 1
162 19
531 6
572 5
900 2
941 5
4232 1
4273 1
163 15
532 3
573 7
901 1
942 3
983 4
164 15
533 7
574 4
902 4
943 1
984 1
4603 1
165 10
534 5
575 4
903 2
944 5
985 2
30455 1
166 11
535 5
576 6
904 3
945 4
986 2
113428 1
167 16
536 7
577 6
905 3
946 3
987 3
168 13
537 6
578 3
906 2
947 1
988 2
4689 1
169 16
538 6
579 6
907 1
948 4
989 3
539 7
908 2
949 2
909 1
14160 1
124515 1
10840 1
20877 1
1270 1
1680 2
18632 1
1271 1
1640 2
1681 1
1231 2
1272 1
1600 1
1641 2
5741 1
1273 1
1601 3
1642 1
1683 3
141578 1
35242 1
1233 2
1274 2
1643 2
1684 1
1234 2
1275 3
1603 1
1685 2
5334 1
9434 1
1235 1
1604 3
1645 3
1686 1
10028 1
1236 1
1277 2
1605 2
1646 1
1237 1
1278 1
1647 4
1688 1
1238 1
1279 1
1648 1
1689 1
1239 1
1608 2
1609 2
2370 1
11163 1
2331 1
2741 1
2782 1
6062 1
2332 1
2742 1
2783 1
2702 1
19367 1
2334 2
2375 1
2785 1
2705 1
6437 1
6806 1
78503 1
3060 1
7161 1
3021 1
3431 1
3800 1
3882 1
3473 1
3883 1
47807 1
68597 1
33754 1
16778 1
3066 1
3435 1
3806 1
3028 1
3848 1
3029 1
3808 1
3849 1
44472 1
79686 1
460 14
870 3
420 11
461 11
830 2
871 2
421 17
462 9
831 3
872 3
17425 1
422 12
463 15
832 2
873 4
51870 1
82573 1
423 16
464 9
833 3
874 3
4944 2
424 14
465 6
834 3
875 2
425 12
466 9
835 4
876 1
426 7
467 10
836 3
877 3
427 11
468 7
837 1
878 1
38999 1
34858 1
428 10
469 11
838 5
879 3
4908 1
429 8
839 1
24085 1
14052 1
1160 2
1570 1
1980 1
10363 1
1120 1
1571 1
1940 2
1981 1
5220 1
240512 1
18974 1
1121 1
1162 2
1572 3
1900 2
1941 1
1982 2
1122 2
1163 3
1532 1
1573 1
1901 1
1942 1
1983 1
10325 1
45538 1
9363 1
1123 1
1533 3
1574 1
1902 1
1943 2
1984 3
5674 1
1124 1
1165 2
1534 1
1575 1
1903 2
1944 2
1985 1
5265 1
10737 1
1125 1
1166 1
1576 1
1904 1
1945 1
1126 1
1536 2
1577 1
1905 1
1946 1
1987 1
1127 2
1168 2
1537 1
1578 3
1906 1
1947 1
1988 2
25961 1
1128 2
1169 3
1538 1
1907 2
1948 2
1989 2
1908 1
1949 1
1909 1
152515 1
42984 1
2260 2
2261 1
2221 1
2262 3
2672 1
2264 1
19216 1
19298 1
2224 1
2265 1
2675 1
2225 1
2676 1
2677 1
111418 1
2227 2
2637 1
2228 1
2269 1
2638 1
2679 1
32507 1
2229 1
3360 1
3320 1
3774 1
7874 1
12527 1
7424 1
7834 1
3735 1
3776 1
3326 1
7058 1
7427 1
3328 1
27753 1
390 15
38060 1
350 15
391 16
760 2
310 3
351 10
392 21
720 2
761 5
4052 1
311 5
352 18
393 17
721 4
762 2
138831 1
8932 1
312 4
353 14
394 19
722 4
763 4
4054 1
313 2
354 11
395 16
723 4
764 5
4096 1
314 2
355 12
396 13
724 1
765 2
4015 1
315 6
356 13
397 21
725 4
766 3
268625 1
316 3
357 9
398 12
726 1
767 3
4058 1
317 3
358 12
399 16
727 3
768 3
4018 1
4469 1
318 4
359 12
728 3
769 4
4839 1
28443 1
319 6
729 4
59518 1
1090 1
97285 1
1050 3
1091 3
1460 1
1870 1
24718 1
41325 1
1010 2
1051 1
1092 4
1420 2
1461 2
5192 1
10213 1
10623 1
9661 1
1011 1
1052 1
1093 1
1421 2
1462 2
1831 1
1872 2
1012 2
1053 3
1422 2
1832 2
1873 1
1013 5
1054 1
1095 1
1464 1
1833 3
1874 2
18498 1
1014 1
1055 3
1096 2
1465 2
1834 1
1875 2
5155 1
1015 3
1056 5
1097 1
1425 1
1466 2
1835 1
1876 1
1016 3
1057 2
1098 2
1426 1
1467 2
1836 2
1877 3
1017 2
1058 2
1099 1
1427 1
1468 1
1837 3
1878 3
5199 1
9627 1
1018 1
1059 1
1428 2
1469 1
1838 3
1879 2
5569 1
1019 3
1839 2
21386 1
2190 1
2150 1
2560 1
42056 1
2110 2
2151 1
6620 1
11764 1
2111 2
2193 1
2562 1
2112 1
2153 2
2194 1
2973 1
2113 1
2523 1
2564 1
11726 1
2114 1
2155 1
2196 1
2524 1
2565 1
2934 1
2115 1
2156 4
2976 1
53511 1
2116 1
2157 2
2198 1
2567 1
2158 1
2199 2
2527 2
2568 1
2937 1
2159 1
2119 1
7390 1
3291 1
178768 1
3210 1
3292 1
3662 2
3622 1
60996 1
3664 1
54691 1
3214 1
3215 1
3259 1
3628 1
3669 1
27234 1
106926 1
13551 1
23137 1
274403 1
280 4
690 4
240 6
281 7
650 5
691 4
4310 1
4392 1
17654 1
200 14
241 7
282 8
610 3
651 4
692 3
13965 1
13924 1
201 10
242 4
283 17
611 5
652 5
693 7
4353 1
8453 1
202 5
243 6
284 9
612 5
653 3
694 3
13147 1
203 6
244 4
285 4
613 5
654 5
695 4
204 5
245 5
286 6
614 3
655 6
696 4
205 5
246 7
287 3
615 6
656 4
697 3
4316 1
206 8
247 6
288 5
616 5
657 4
698 2
207 10
248 6
289 8
617 5
658 3
699 2
8418 1
208 8
249 7
618 4
659 6
4729 1
209 9
619 3
1390 2
1350 1
1391 1
1760 1
5040 1
5081 1
1310 1
1351 1
1392 3
1720 2
1761 1
1352 2
1393 2
1721 1
1762 2
10555 1
1312 1
1353 1
1394 1
1763 2
5863 1
1313 2
1354 1
1395 1
1764 1
10188 1
1314 2
1355 2
1396 2
1724 2
1765 3
9514 1
1356 1
1397 1
1316 1
1398 1
1726 2
1767 2
5088 1
9598 1
1317 3
1358 3
1399 1
1318 2
1359 1
1728 2
1769 1
5459 1
1319 2
1729 1
25335 1
11610 1
2080 1
2490 1
25707 1
2040 2
2081 3
2860 1
2000 2
2041 1
2082 1
2410 1
2001 1
2042 1
2083 1
2452 1
2862 1
2002 1
2043 2
2084 1
2494 1
2003 2
2044 2
2085 1
2495 1
2004 1
2455 1
2824 1
2865 1
19038 1
2005 1
2046 3
2087 1
2497 1
6187 1
6105 1
2006 2
2047 2
2088 2
2416 1
2457 1
2826 1
2007 2
2048 1
2089 1
2417 1
6148 1
6968 1
2008 3
2049 1
2459 1
2009 1
290660 1
3181 1
3550 1
16853 1
3141 1
3920 1
7692 1
3101 1
3552 1
3593 1
12304 1
3184 1
3103 1
3144 1
3554 1
12716 1
3104 1
102300 1
3597 1
3188 1
23062 1
3108 1
3559 1
3928 1
3519 1
170 18
580 6
990 4
4281 1
8340 1
171 13
540 8
581 6
950 4
991 1
4200 1
4241 1
13403 1
172 15
500 7
541 5
582 7
910 3
951 6
992 3
173 11
501 6
542 4
583 5
911 2
952 1
993 2
133 182
174 18
502 10
543 6
584 2
912 3
953 1
994 3
4695 1
8795 1
8303 1
134 74
175 10
503 7
544 5
585 5
913 2
954 5
995 2
4245 1
135 52
176 13
504 6
545 6
586 10
914 1
955 3
996 1
136 39
177 6
505 3
546 3
587 9
915 4
956 5
997 3
137 43
178 13
506 6
547 7
588 3
916 3
957 2
998 2
138 44
179 14
507 8
548 6
589 5
917 3
958 3
999 1
139 34
508 12
549 6
918 4
959 3
4619 1
509 8
919 5
155267 1
250215 1
1280 2
1690 2
14501 1
1240 1
1281 1
1650 2
1691 2
5791 1
1200 2
1241 2
1282 2
1651 2
1692 1
5382 1
9892 1
20809 1
49388 1
1201 2
1242 1
1283 1
1611 1
1652 1
296103 1
1202 1
1243 1
1284 1
1612 2
1653 2
1694 2
9443 1
1203 3
1285 2
1613 2
1654 1
1695 1
1245 1
1286 1
1614 3
1655 2
1696 1
14548 1
1205 2
1246 1
1615 3
1656 1
1697 3
10449 1
1206 1
1247 1
1288 3
1657 2
1698 1
25261 1
9037 1
1207 1
1248 2
1289 1
1617 3
1658 2
1699 1
1208 1
1249 1
1618 1
1659 1
1209 3
21167 1
2340 1
6071 1
2300 1
2341 1
2382 1
2710 1
2792 1
2301 1
2342 1
2383 1
2752 1
2712 1
2794 2
6443 1
2303 1
2304 1
2345 1
2386 1
2796 1
6486 1
6035 1
2387 1
2715 1
2348 1
2758 2
2799 1
6038 1
2308 1
2349 1
2718 2
2309 1
3070 1
3890 1
26779 1
3071 1
3481 1
3400 1
7582 1
7951 1
3811 1
3852 1
3893 1
3033 1
16377 1
3403 1
3404 1
3814 1
3077 2
7177 1
3406 1
3816 1
3449 1
3818 1
54025 1
65151 1
470 10
880 2
4130 1
75559 1
430 11
471 9
840 2
881 4
4172 1
4500 1
17065 1
431 12
472 9
800 2
841 4
882 2
432 14
473 12
801 3
842 3
883 2
4133 1
433 12
474 8
802 4
843 5
884 5
4175 1
4585 1
30764 1
434 14
475 11
803 3
844 2
885 2
8276 1
435 12
476 12
804 1
845 4
886 3
4587 1
17849 1
436 11
477 10
805 4
887 3
4998 1
437 9
478 8
806 3
847 5
888 1
438 6
479 8
807 3
848 2
889 5
4139 1
439 17
808 3
849 2
809 5
1580 1
1990 2
28528 1
1130 1
1171 2
1581 2
1991 3
1131 2
1172 1
1500 2
1582 1
1910 2
1951 1
1992 1
1132 1
1173 1
1542 2
1583 1
1911 2
1952 1
1993 1
5683 1
1133 3
1174 1
1502 3
1543 2
1953 3
1994 2
1134 2
1175 1
1503 2
1544 1
1913 3
1954 2
1995 1
5275 1
1135 2
1176 3
1504 1
1545 1
1586 2
1914 2
1955 1
1996 2
1136 2
1177 1
1505 2
1546 2
1587 2
1915 1
1956 2
1997 1
1137 1
1178 1
1506 1
1547 1
1588 2
1916 2
1957 1
1998 1
1179 1
1507 1
1589 1
1917 2
1999 1
5607 1
52575 1
1139 1
1508 2
1549 1
1918 2
1959 1
87749 1
73613 1
25935 1
337048 1
2270 2
2680 1
2230 1
2231 2
2641 1
2682 1
11844 1
15985 1
11024 1
2273 2
2274 2
6743 1
2275 1
2644 1
88802 1
67767 1
2235 1
2645 1
2236 1
2605 1
2278 1
2606 1
2238 1
2239 2
22932 1
78078 1
3370 1
3330 1
3371 1
3781 1
3333 1
3337 1
3378 1
3706 1
3788 1
7847 1
7479 1
3749 1
58098 1
360 12
770 3
4881 1
320 5
361 11
730 2
771 2
321 2
362 10
731 3
772 4
4801 1
322 3
363 8
732 4
773 1
4064 1
65497 1
323 4
364 13
733 3
774 3
4024 1
4434 1
55871 1
324 2
365 12
734 4
775 3
8125 1
325 6
366 10
735 2
776 2
4026 1
326 5
367 11
736 6
777 4
4068 1
4437 1
4478 1
4888 1
327 2
368 11
737 2
778 5
328 5
369 13
738 2
779 2
4439 1
8129 1
329 5
739 5
4809 1
10670 1
651498 1
20668 1
1060 2
1880 1
1020 2
1061 1
1430 1
1471 1
1840 2
1881 1
1062 4
1472 2
1800 2
1841 3
1882 1
5941 1
1022 3
1063 2
1432 2
1801 2
1842 2
1883 1
1023 2
1064 3
1433 1
1474 1
1802 1
1843 2
5164 1
1024 1
1065 4
1803 2
1844 2
1885 1
1025 2
1066 1
1435 1
1476 2
1804 1
1845 1
1886 2
5166 1
1026 4
1067 1
1436 2
1477 2
1805 2
1846 2
1887 2
1027 4
1068 4
1437 1
1478 1
1806 2
1847 2
1888 1
1028 1
1069 3
1438 1
1479 1
1807 2
1889 3
1029 3
1808 3
1849 1
1809 1
46162 1
2160 1
2120 2
2161 2
2940 1
6220 1
2121 2
2162 1
2531 1
2900 1
2982 1
2573 1
36911 1
2123 2
2164 2
15426 1
2165 1
2125 1
2166 1
2167 1
2987 1
2127 1
2537 1
2128 1
2169 1
2948 1
2129 1
95390 1
43980 1
53158 1
200826 1
3630 1
12095 1
3672 1
7363 1
3264 1
27690 1
3636 1
7367 1
3227 1
27200 1
17251 1
13520 1
290 6
250 7
291 3
660 4
30130 1
210 10
251 5
292 6
620 3
661 5
8421 1
211 7
252 9
293 6
621 6
662 5
30542 1
212 9
253 3
294 8
622 8
663 3
213 6
254 5
295 6
623 3
664 3
4365 1
214 10
255 5
296 6
624 1
665 3
130165 1
215 7
256 5
297 2
625 4
666 3
216 8
257 4
298 3
626 5
667 1
4327 1
217 8
258 5
299 3
627 6
668 4
218 7
259 6
628 6
669 5
4739 1
219 7
629 4
10971 1
1360 2
1770 1
5050 1
1320 2
1361 1
1730 3
1771 2
5830 1
1321 1
1362 1
1731 2
1772 1
5462 1
9152 1
1322 1
1773 5
18725 1
83093 1
1323 1
1364 1
1774 2
1324 1
1365 1
1734 2
1775 1
1325 2
1366 2
1735 1
1776 2
162337 1
1326 1
1736 1
1777 1
5057 1
5877 1
29030 1
1327 2
1368 2
1737 1
1778 1
1328 3
1738 1
1779 1
1329 1
1739 3
11250 1
2460 1
2010 1
2051 3
2420 1
2461 1
2011 1
2052 1
2093 1
2012 1
2053 1
2094 2
2422 1
6194 1
11297 1
2013 1
2054 1
2095 1
2423 1
2464 1
2055 1
2096 1
2875 1
6155 1
6565 1
2015 2
2056 3
2097 1
2425 1
2016 1
2057 1
2098 2
2426 1
2467 1
2099 2
2427 1
2018 3
2059 2
2428 1
2879 1
6938 1
84117 1
2019 2
231087 1
3190 1
3560 1
60401 1
22719 1
3152 1
3562 1
116035 1
3154 1
3195 1
3114 1
3524 1
3934 1
3935 1
3116 1
3526 1
3568 1
3118 1
3528 1
3938 1
40092 1
44933 1
13042 1
180 10
590 7
140 32
181 11
550 6
591 9
960 2
4210 1
141 21
182 10
510 8
551 5
592 7
920 2
961 3
4621 1
142 24
183 11
511 7
552 5
593 2
921 2
962 3
143 22
184 11
512 6
553 9
594 7
922 2
963 3
4213 1
4664 1
144 31
185 14
513 6
554 3
595 9
923 2
964 2
30024 1
145 28
186 6
514 5
555 4
596 5
924 6
965 2
4297 1
146 27
187 12
515 6
556 7
597 8
925 2
966 3
147 25
188 12
516 10
557 7
598 5
926 3
967 2
8727 1
55203 1
148 20
189 9
517 8
558 9
599 4
927 2
968 2
4669 1
20442 1
149 24
518 9
559 4
928 2
969 2
519 6
929 1
1250 1
1291 3
1660 2
5760 1
1210 1
1251 2
1292 1
1620 2
1661 3
1211 1
1252 1
1293 1
1621 2
1662 1
1212 1
1253 2
1294 3
1622 2
5394 1
9822 1
1213 1
1254 2
1295 1
1623 1
1664 1
5313 1
9085 1
1214 1
1296 1
1624 2
1665 1
1215 2
1256 2
1297 1
1625 1
1666 1
5356 1
1216 2
1257 2
1298 3
1667 1
1217 2
1258 1
1299 3
1627 1
1668 1
1218 2
1259 1
1628 1
1669 2
5728 1
1629 1
19382 1
2390 1
19752 1
2350 1
2392 2
2311 1
2352 1
2721 1
2762 1
6042 1
2353 1
2313 1
2354 2
2723 1
6456 1
6866 1
2398 1
2317 1
2399 1
2727 1
2319 1
105209 1
3491 1
16302 1
3000 1
3041 1
3451 1
3412 1
3822 1
3863 1
3044 1
3085 1
3454 1
3495 1
3086 1
68906 1
3046 1
3456 1
7556 1
3088 1
3416 1
3498 1
23330 1
3048 1
123730 1
3049 1
3869 1
58998 1
27848 1
480 9
890 1
4960 1
440 10
481 7
850 4
891 2
34010 1
400 21
441 11
482 9
810 3
851 2
892 3
4183 1
8242 1
401 14
442 12
483 13
811 3
852 4
893 2
402 18
443 14
484 13
812 3
853 5
894 2
4923 1
403 14
444 13
485 6
813 3
854 3
895 4
404 15
445 12
486 10
855 2
896 1
4597 1
8656 1
405 9
446 12
487 9
815 3
856 1
897 3
4147 1
4188 1
20781 1
406 16
447 8
488 4
816 3
857 4
898 5
4107 1
4189 1
407 12
448 9
489 7
817 5
858 4
899 3
51076 1
408 13
449 12
818 2
859 2
409 14
819 2
176653 1
1180 1
1590 1
1140 2
1550 1
1960 1
1100 1
1141 1
1182 2
1510 1
1551 3
1592 2
1920 2
1961 2
5651 1
18134 1
1101 2
1142 2
1511 1
1552 1
1921 2
1962 2
1102 1
1184 1
1512 1
1553 2
1594 2
1922 1
1963 1
1103 1
1144 3
1185 2
1923 2
1964 1
1104 1
1145 1
1186 1
1514 2
1555 1
1924 2
1965 1
1105 3
1146 3
1187 1
1515 2
1556 2
1597 1
1925 1
1966 1
9305 1
1147 2
1516 2
1598 2
1926 1
1107 3
1148 1
1558 1
1599 2
1968 2
1108 1
1518 2
1559 2
1928 1
1969 1
5249 1
1519 1
1929 1
2280 2
2690 1
11811 1
6340 1
21808 1
2200 1
2241 1
2282 1
2610 2
2651 1
11444 1
2611 1
2693 1
15176 1
15955 1
2202 1
36212 1
11897 1
2203 1
2244 1
2695 1
450486 1
2614 1
6755 1
2246 1
2287 1
2697 1
6387 1
2206 1
2247 1
2616 1
2657 1
2698 1
6306 1
32157 1
2207 1
2617 1
2208 1
2249 1
2659 1
6719 1
3380 1
382107 1
26228 1
3300 1
3710 1
3792 1
7031 1
7400 1
3711 1
16604 1
3384 1
3344 1
37725 1
3347 1
3757 1
3307 1
179582 1
370 12
780 5
330 7
371 8
740 4
781 2
4031 1
4892 1
331 3
372 4
700 3
741 3
782 5
4073 1
4852 1
38411 1
332 11
373 12
701 5
742 5
783 4
4402 1
8584 1
333 18
374 14
702 3
743 3
784 4
334 11
375 9
703 3
744 2
785 1
4035 1
335 13
376 12
704 6
745 2
786 3
8956 1
336 13
377 9
705 4
746 4
787 2
8547 1
337 16
378 12
706 6
747 1
788 5
8179 1
338 16
379 11
707 6
748 3
789 3
4818 1
339 13
708 3
749 6
172811 1
709 4
49583 1
20227 1
1070 1
1480 2
1890 2
9270 1
1030 2
1071 1
1440 2
1850 1
1891 1
5130 1
1031 2
1400 1
1482 1
1810 1
1851 3
1892 2
1032 2
1073 2
1401 3
1442 2
1483 1
1811 2
1852 3
1893 1
1033 3
1402 1
1812 1
1853 1
39184 1
5994 1
1034 2
1075 2
1444 1
1485 1
1813 1
1854 1
1895 3
5913 1
1035 2
1076 2
1404 1
1486 1
1814 1
1855 2
1896 1
14338 1
1036 1
1077 3
1405 2
1446 1
1487 2
1815 2
1856 2
1897 2
5546 1
5956 1
1037 4
1078 2
1406 2
1447 1
1488 1
1816 1
1857 3
5506 1
5998 1
1038 2
1079 2
1407 1
1448 1
1489 2
1817 3
1858 3
1899 2
1408 2
1449 1
1818 2
1859 2
1819 2
90531 1
19900 1
2170 2
2990 1
11373 1
2130 1
2171 1
2540 1
2581 1
2950 1
6271 1
2131 1
2172 2
2500 2
2132 1
2501 2
2911 1
6273 1
2174 1
6643 1
2134 1
2175 1
2995 1
32085 1
2135 2
2176 1
2504 1
2545 1
2955 1
2177 1
2137 1
2178 2
2506 1
2547 1
2588 1
2957 1
2998 1
2138 2
2917 1
6607 1
109944 1
2139 1
2918 1
2509 1
12800 1
3680 1
3271 1
12476 1
12845 1
3602 1
3643 1
3275 1
7744 1
33514 1
3277 1
3646 1
7377 1
3237 1
3688 1
50902 1
3279 1
44233 1
260 5
670 2
220 6
261 8
630 4
671 3
221 7
262 8
631 3
672 5
4783 1
222 4
263 7
632 3
673 8
4743 1
8023 1
223 6
264 6
633 6
674 4
224 8
265 83
634 6
675 2
225 6
266 9
635 5
676 3
107263 1
226 6
267 6
636 3
677 3
227 3
268 6
637 3
678 4
4338 1
228 5
269 3
638 6
679 3
229 5
639 3
14672 1
1370 1
1780 1
1330 2
1371 1
1740 3
1781 2
1331 1
1372 2
1700 1
1741 2
1782 1
1332 2
1373 2
1701 3
1783 1
5063 1
1333 2
1374 1
1743 1
1784 2
1375 1
1703 1
1744 1
1785 2
1335 1
1376 2
1704 1
1745 3
1786 3
5476 1
10128 1
1336 2
1377 4
1705 2
1746 3
1787 1
1337 2
1706 1
1747 4
1788 1
1338 1
1379 1
1707 3
1748 1
5028 1
1749 1
5808 1
1709 2
46843 1
2060 1
2880 1
2020 1
2471 1
2021 1
2062 1
2472 1
2800 1
2841 1
63003 1
2063 1
2432 1
2883 1
2023 2
2064 1
2433 1
15326 1
2024 1
2065 1
2434 2
180094 1
2025 2
2066 1
2435 1
2845 1
2026 1
2477 1
2805 1
2027 2
2068 1
2028 2
2889 1
2029 1
2849 1
12321 1
7261 1
3900 1
3982 1
160403 1
3574 1
99318 1
81985 1
3577 1
3987 1
3537 1
3579 1
3948 1
3129 2
27184 1
40883 1
17111 1
190 12
150 17
191 10
560 10
970 2
4261 1
151 21
192 8
520 5
561 5
930 3
971 2
152 21
193 7
521 8
562 4
931 1
972 4
4222 1
153 24
194 9
522 10
563 8
932 3
973 1
154 23
195 9
523 8
564 4
933 4
155 17
196 8
524 7
565 7
934 2
975 1
156 19
197 8
525 12
566 4
935 2
976 2
4677 1
157 17
198 7
526 8
567 6
936 2
977 2
158 18
199 9
527 6
568 7
937 2
978 3
159 18
528 8
569 4
938 3
979 2
529 8
939 1
41161 1
1260 2
1670 1
1220 1
1261 1
1671 1
5320 1
10054 1
1221 2
1262 2
1631 1
1672 2
1222 1
1263 2
1632 2
10876 1
1223 2
1264 1
1633 1
1674 2
1224 3
1265 2
1634 2
1675 5
14937 1
31544 1
1225 1
1266 1
1635 1
1676 2
39335 1
1226 2
1267 1
1636 3
1677 1
1268 3
1637 2
1678 3
1228 1
1269 1
1679 1
5779 1
9879 1
9018 1
1229 2
1639 1
