2360 1
2320 1
21519 1
2362 1
2772 1
2773 1
11935 1
6053 1
2774 1
6464 1
2365 1
2734 1
6096 1
6425 1
2736 1
2368 1
6058 1
2738 1
2329 1
47462 1
3010 1
3092 1
3830 1
3095 1
12216 1
3014 1
3875 1
16317 1
3056 2
3097 1
3466 1
3098 1
3426 1
7199 1
490 12
4560 1
450 9
491 8
860 1
410 16
451 12
492 9
820 2
861 2
4193 1
411 12
452 8
493 6
821 3
862 1
412 9
453 12
494 11
822 5
4154 1
4933 1
413 13
454 6
495 13
823 1
864 2
13399 1
151440 1
414 14
455 9
496 8
824 1
4976 1
415 15
456 15
497 8
825 2
866 5
4157 1
34846 1
76260 1
416 13
457 13
498 9
826 1
867 3
4117 1
28500 1
417 19
458 10
499 11
827 1
868 1
4118 1
4528 1
418 14
459 8
828 2
869 1
51866 1
419 12
829 2
20305 1
1190 2
14001 1
10762 1
20799 1
1150 4
1191 2
5291 1
35980 1
1110 2
1151 3
1192 3
1520 1
1561 1
1930 1
1971 1
5661 1
1111 1
1152 5
1193 2
1562 2
1972 1
5621 1
110385 1
10314 1
1112 4
1153 5
1194 4
1522 2
1563 2
1113 2
1154 5
1195 2
1564 1
1974 1
5254 1
14088 1
1114 2
1155 3
1196 3
1565 1
1115 2
1156 3
1197 4
1566 1
1935 1
5215 1
1116 6
1157 4
1198 2
1526 3
1977 1
1117 2
1158 3
1199 3
1978 1
5217 1
1118 3
1159 4
1569 1
1119 3
1529 1
46621 1
2250 2
63273 1
15184 1
2620 1
2662 1
15104 1
2622 1
11046 1
2254 1
11457 1
2214 1
6766 1
2667 1
2258 1
2668 1
6727 1
2219 1
16651 1
3721 1
3394 1
7002 1
12559 1
3316 1
23682 1
96502 1
44765 1
380 5
790 1
17384 1
340 12
381 7
750 2
4041 1
165463 1
300 4
341 10
382 9
710 2
751 1
792 4
4083 1
4452 1
301 2
342 11
383 7
711 2
752 2
793 2
302 1
343 8
384 6
712 5
794 3
4003 1
4413 1
4823 1
303 5
344 6
385 9
713 4
754 1
795 2
4086 1
4496 1
8555 1
304 6
345 7
386 4
714 5
755 3
796 1
4005 1
305 3
346 11
387 7
715 3
756 2
797 2
8516 1
306 3
347 7
388 10
716 2
757 1
798 4
8107 1
307 2
348 13
389 16
717 2
758 2
799 1
4869 1
308 2
349 11
718 3
759 2
309 2
719 3
1080 2
1490 1
5590 1
20607 1
1040 4
1081 2
1491 1
1860 1
10202 1
1000 3
1041 2
1082 2
1492 1
1820 1
1001 2
1042 4
1083 4
1411 4
1493 1
1821 1
87282 1
1002 2
1043 1
1084 3
1412 1
1453 2
1863 1
5963 1
322956 1
9284 1
1003 2
1044 5
1085 1
1413 4
1454 1
1495 2
1864 1
5513 1
1004 3
1045 1
1086 5
1414 1
1496 1
1865 1
10658 1
1005 1
1046 2
1087 3
1415 1
1456 1
1497 1
1825 1
1866 1
1006 1
1047 3
1088 3
1416 1
1457 1
1498 1
1826 1
5967 1
10209 1
1007 2
1048 3
1089 2
1417 1
1827 1
1868 1
1008 2
1049 2
1828 1
1009 2
1419 1
1829 1
56136 1
2180 1
2550 1
2591 1
11753 1
2100 1
2141 1
2961 1
15895 1
2101 1
2552 1
2593 1
111703 1
2184 1
2512 1
146507 1
2103 1
2964 1
6695 1
2186 2
2555 1
2515 1
2597 1
80514 1
2106 2
2188 1
6206 1
2148 1
2189 1
2517 1
2518 1
2928 1
3693 1
3203 1
3286 1
3614 1
16138 1
16999 1
7345 1
3246 1
3206 1
27631 1
3659 1
17600 1
4380 1
270 18
680 2
23539 1
230 5
271 7
640 4
681 4
8851 1
13913 1
231 3
272 2
600 2
641 5
682 3
4383 1
232 2
273 6
601 4
642 4
683 2
233 5
274 5
602 5
643 4
684 4
234 1
275 3
603 5
644 2
685 5
4304 1
4755 1
235 5
276 5
604 2
645 4
686 2
8405 1
236 2
277 3
605 5
646 5
687 1
237 3
278 3
606 5
647 3
688 2
238 3
279 3
607 3
648 3
689 5
239 2
608 4
649 2
609 7
49484 1
1380 4
5070 1
28369 1
1340 2
1381 2
10502 1
1300 1
1341 2
1382 2
1751 2
1792 2
5892 1
9910 1
1301 2
1342 2
1343 2
1384 2
5853 1
1303 1
1344 3
1385 3
1713 1
5403 1
1304 3
1345 2
1386 2
1755 1
5855 1
1305 4
1346 5
1387 3
1715 1
1756 1
1797 1
1306 3
1347 1
1388 1
1716 1
1307 6
1348 3
1389 1
1758 1
1308 2
1349 2
1718 1
29463 1
1309 2
1719 1
29833 1
2070 1
2480 1
19022 1
6990 1
2440 1
2481 1
2031 1
2072 1
2892 1
2401 1
2483 1
167554 1
6911 1
2853 1
19806 1
2035 1
2445 1
2486 1
2814 1
2036 1
2077 2
2446 1
2815 1
2406 1
2488 1
2038 1
2079 2
2407 2
6138 1
2408 2
2818 2
2409 1
3171 1
37550 1
3952 1
290656 1
3176 1
3178 1
3588 1
7606 1
3507 1
7689 1
3139 1
27524 1
123865 1
160 11
570 3
980 3
161 12
530 7
571 6
940 4
981 2
4231 1
162 10
531 7
572 5
900 2
941 3
982 1
163 10
532 8
573 1
901 3
942 1
983 4
13067 1
164 9
533 6
574 5
902 2
943 3
984 2
165 9
534 5
575 3
903 1
944 3
985 4
4235 1
4604 1
13889 1
30455 1
166 9
535 7
576 4
904 1
945 3
986 2
4646 1
167 8
536 6
577 5
905 3
946 2
987 2
4688 1
107164 1
168 11
537 5
578 8
906 5
947 2
988 2
169 10
538 5
579 4
907 3
948 3
989 3
539 11
908 2
949 4
909 2
10061 1
1270 3
5780 1
1230 3
1271 1
1231 2
1272 2
1600 1
1641 1
1682 1
1232 3
1273 4
1601 2
141537 1
14166 1
1233 2
1274 3
1602 2
1643 1
1684 2
1234 2
1275 2
1685 1
1235 2
1604 1
1236 3
1277 2
1646 2
1687 1
1237 4
1278 3
1606 1
1647 1
1688 2
5337 1
1238 1
1279 2
1689 1
25211 1
1239 3
1608 1
1649 1
1609 1
259178 1
19363 1
2330 1
2371 1
2740 1
2781 1
6430 1
2331 1
2700 1
2741 1
2784 1
6843 1
11905 1
6885 1
2376 1
2704 1
2377 1
11129 1
2379 1
2748 1
6807 1
3061 1
7163 1
7532 1
16776 1
3474 1
60397 1
7943 1
3065 1
3844 1
3805 1
7127 1
7988 1
3069 1
79682 1
102636 1
460 13
870 2
17464 1
420 14
461 11
61823 1
48537 1
421 16
462 11
831 2
872 3
4532 1
422 10
463 10
832 2
873 2
423 13
464 13
833 2
874 2
424 10
465 8
834 2
875 3
425 8
466 8
835 1
876 2
13739 1
426 12
467 7
836 3
877 4
427 15
468 12
837 3
878 2
428 10
469 13
838 4
879 1
4129 1
429 14
839 1
10361 1
45534 1
1160 2
1570 1
1120 4
1161 3
1530 1
1940 1
1981 1
1121 1
1162 4
1531 2
1572 1
1122 5
1163 1
1532 1
1573 1
1901 1
1942 1
1983 2
1123 3
1164 3
1574 1
1902 1
1943 1
5264 1
1124 3
1165 6
1534 2
1575 1
1903 1
1985 1
1125 5
1166 4
1576 2
1904 1
1986 1
9735 1
1126 3
1167 2
1536 2
1577 1
1905 1
1987 1
1127 4
1168 2
1537 1
1578 1
1988 1
25961 1
1128 3
1169 4
1538 2
1579 1
1907 1
1989 1
1129 2
1539 1
29243 1
21412 1
42161 1
19212 1
2220 1
2261 1
2630 1
2672 1
2222 1
2264 1
2674 1
11837 1
2266 1
2677 1
2227 1
2268 1
22961 1
2269 1
2638 1
57355 1
6739 1
3771 1
7461 1
7420 1
3322 1
3364 1
7423 1
3367 1
7467 1
27791 1
3329 1
390 17
350 7
391 10
760 2
4871 1
38430 1
13213 1
30271 1
310 4
351 5
392 22
720 2
761 1
4011 1
311 3
352 9
393 15
721 3
762 3
4422 1
312 2
353 7
394 15
722 3
763 2
313 4
354 8
395 16
723 3
764 3
4055 1
314 2
355 9
396 16
724 2
765 2
315 3
356 12
397 17
725 5
766 1
316 1
357 10
398 10
726 3
767 1
317 2
358 8
399 13
727 2
768 4
8528 1
318 6
359 8
728 1
769 2
319 5
729 2
97281 1
24715 1
159589 1
1090 4
1050 2
1091 1
1460 2
9660 1
10294 1
1010 2
1051 4
1092 4
1420 1
1461 1
1830 1
1011 3
1052 6
1093 3
1421 2
1872 1
31331 1
1012 3
1053 2
1094 2
1422 1
1463 1
1832 1
83521 1
18825 1
1013 3
1054 4
1095 4
1423 2
1464 1
14726 1
1014 2
1055 5
1096 3
1424 2
1465 1
1834 1
1875 1
1015 4
1056 4
1097 3
1425 1
9625 1
1016 3
1057 4
1098 5
1426 1
1467 1
1877 1
1017 2
1058 5
1099 1
1427 2
1468 1
1837 3
1878 1
5117 1
1018 3
1059 2
1428 1
1469 1
1879 1
1019 2
1429 3
21756 1
2190 1
2150 1
2191 1
2970 1
2110 1
2151 1
2561 1
11764 1
2521 1
2562 1
11396 1
2112 1
2522 1
2154 1
2564 1
2114 1
2155 1
2524 2
2975 1
2156 1
2197 1
2157 1
2198 1
2567 1
2158 1
2527 1
2118 2
2939 1
178764 1
60992 1
95386 1
3210 1
3292 1
3620 1
12864 1
33900 1
3213 1
3624 1
3625 1
27230 1
3258 1
54247 1
17690 1
280 8
690 5
240 4
281 15
650 6
691 2
200 7
241 4
282 7
610 2
651 1
692 3
17614 1
30121 1
201 5
242 3
283 2
611 3
652 6
693 3
202 3
243 3
284 2
612 5
653 2
694 2
4354 1
4764 1
8495 1
203 6
244 5
285 4
613 4
654 4
695 3
55341 1
204 5
245 5
286 5
614 5
655 4
696 2
4397 1
205 5
246 3
287 2
615 4
656 4
697 4
8047 1
206 5
247 7
288 1
616 3
657 2
698 3
4317 1
207 8
248 5
289 5
617 3
658 4
699 3
208 7
249 5
618 6
659 4
209 3
619 3
10182 1
1390 2
1350 2
1391 6
1760 1
1310 5
1351 2
1392 2
1761 1
1311 3
1352 3
1393 1
1721 1
10596 1
1312 4
1353 1
1394 2
1763 1
1313 3
1354 1
1395 1
1723 2
5044 1
9144 1
100591 1
1314 2
1355 1
1396 1
5004 1
5086 1
1315 1
1356 4
1725 1
5415 1
1316 3
1357 2
1398 2
1726 2
1767 1
1317 3
1358 2
1399 1
1318 3
1359 3
1728 1
1769 1
1319 2
1729 1
98680 1
2080 1
6180 1
2860 1
2000 1
2041 1
2082 1
11613 1
2493 1
15304 1
11245 1
2002 1
2084 1
2412 2
2863 1
2044 1
2454 1
15347 1
2004 1
2046 1
2456 1
2497 1
2825 1
6966 1
2006 1
2088 1
2867 1
2417 1
2499 1
2418 1
6559 1
2009 1
2829 1
16442 1
3550 1
3511 1
3553 1
3103 1
3185 1
3145 1
3596 1
3105 1
3146 1
3925 1
3106 1
3516 1
12309 1
3107 1
3148 1
3968 1
17131 1
170 11
580 5
990 2
171 6
540 6
581 6
950 3
991 2
40088 1
34192 1
131 136
172 12
500 5
541 3
582 5
910 1
951 2
992 4
132 45
173 7
501 5
542 3
583 8
911 2
952 5
993 3
4694 1
133 37
174 10
502 10
543 6
584 3
912 4
953 1
994 4
8303 1
134 35
175 8
503 10
544 6
585 5
913 3
954 3
995 2
4245 1
135 26
176 7
504 9
545 6
586 6
914 2
955 4
996 4
4246 1
136 33
177 5
505 7
546 6
587 5
915 1
956 1
997 3
4698 1
155263 1
137 21
178 5
506 6
547 6
588 3
916 2
957 3
998 1
4207 1
4617 1
8799 1
138 20
179 7
507 10
548 10
589 3
958 2
999 4
139 19
508 9
549 9
918 2
959 3
509 11
919 2
1280 3
20438 1
1240 3
1281 1
1650 1
1200 4
1241 2
1282 3
1610 1
1692 2
5792 1
10034 1
1201 4
1242 2
1283 3
1611 2
1652 2
1693 2
1202 2
1243 5
1284 1
1612 1
1694 1
5384 1
66776 1
1203 4
1244 1
1285 3
1613 1
1654 2
5754 1
1204 2
1245 2
1614 1
1205 4
1246 4
1287 4
1615 1
1656 1
9036 1
1206 3
1247 5
1288 2
1616 1
1657 2
1207 4
1248 6
1289 2
1699 1
5307 1
5389 1
9079 1
1208 5
1249 3
1618 1
9818 1
1209 1
1619 1
2380 1
2790 1
2710 1
2751 1
2792 1
2753 1
2385 1
2795 1
2304 1
2345 1
2386 1
2714 1
2346 1
2306 1
2347 1
2388 1
2757 1
2798 1
67429 1
6037 1
2348 1
2389 1
2308 1
47855 1
7170 1
3030 1
3481 1
3851 1
7910 1
3073 1
3442 1
37411 1
3854 1
3895 1
3076 1
3077 1
160399 1
3037 1
3488 1
7547 1
3079 1
3409 1
4990 1
470 8
880 3
4581 1
17064 1
430 13
471 8
840 3
431 12
472 9
800 2
841 2
4952 1
8601 1
13335 1
432 10
473 8
842 2
883 3
4174 1
4953 1
433 10
474 12
802 2
843 4
884 2
4544 1
434 11
475 9
803 4
844 1
885 2
4914 1
435 12
476 8
804 2
845 3
886 3
436 9
477 9
805 3
846 2
887 2
4137 1
437 9
478 12
806 3
847 1
888 3
4917 1
438 14
479 12
807 2
848 2
889 2
439 9
808 1
849 2
4509 1
8609 1
809 3
55127 1
14470 1
45912 1
1170 2
1130 4
1171 4
1991 1
1131 6
1172 2
1500 2
1541 1
1582 1
1910 1
1951 1
1992 1
1132 2
1173 5
1501 1
1583 1
1133 5
1174 3
1502 1
1584 2
1953 1
1994 2
5274 1
10787 1
9784 1
1134 1
1175 5
1503 1
1544 2
1913 1
1995 1
1135 3
1176 4
1504 2
1545 1
1586 1
1914 1
1955 3
1996 1
1136 1
1177 3
1505 1
1546 1
1587 2
1915 1
1997 2
87786 1
1137 4
1178 2
1506 2
1547 1
1588 1
1957 1
5647 1
21010 1
1138 2
1179 3
1507 1
1917 2
1958 1
1139 4
1549 1
1509 1
42544 1
2230 1
2271 1
2272 1
2642 1
2603 1
2644 1
2685 1
6375 1
2235 1
2276 1
2645 1
2277 1
2687 1
6787 1
2278 1
2647 1
6748 1
2239 1
32969 1
36208 1
78074 1
43640 1
105906 1
60251 1
68083 1
3331 1
3373 1
3783 1
12904 1
3334 1
3703 1
7844 1
3376 1
3705 1
58094 1
3379 1
7807 1
4060 1
179578 1
65493 1
360 7
770 1
4471 1
4881 1
320 1
361 7
730 2
771 2
321 3
362 11
731 2
772 3
322 1
363 8
732 3
773 2
4023 1
4474 1
8984 1
323 3
364 7
733 2
774 4
4803 1
324 3
365 8
734 4
775 1
30655 1
325 3
366 6
735 2
776 2
326 2
367 8
736 3
777 3
4437 1
327 2
368 9
737 4
778 1
8169 1
328 1
369 8
738 3
779 1
651494 1
329 3
739 2
24355 1
1060 4
1020 2
1061 4
1430 2
1471 1
1881 1
172807 1
1021 2
1062 4
1431 2
1472 1
1800 1
1022 3
1063 5
1432 3
1473 1
1801 1
1842 1
5573 1
14325 1
1023 2
1064 2
1433 1
1843 1
1884 1
10677 1
1024 4
1065 3
1434 2
1803 2
1844 1
1025 3
1066 3
1435 2
1476 1
1804 2
1845 1
5535 1
10638 1
9266 1
1026 3
1067 4
1436 2
1477 2
1805 1
1846 1
1887 1
5126 1
1027 3
1068 2
1437 1
1847 1
1028 1
1069 4
1438 3
1479 1
1029 3
1439 3
1808 1
1849 1
5908 1
108016 1
21315 1
25005 1
2120 1
2161 1
88360 1
2162 1
2982 1
184291 1
2122 2
19115 1
2164 1
2902 1
2943 1
11777 1
2124 2
2165 1
2575 1
32485 1
2126 1
2167 1
2536 1
2987 1
2947 2
6268 1
6637 1
53154 1
2128 1
2169 1
2129 1
12091 1
12461 1
53939 1
122489 1
7361 1
3222 1
12427 1
3266 1
7776 1
3677 1
75780 1
290 2
250 6
291 3
660 4
34640 1
210 3
251 4
292 10
620 4
661 2
130161 1
211 5
252 3
293 2
621 4
662 1
212 6
253 1
294 4
622 4
663 2
4323 1
213 5
254 4
295 3
623 7
664 2
4365 2
214 4
255 4
296 3
624 4
665 6
215 6
256 4
297 4
625 4
666 4
216 3
257 4
298 1
626 4
667 2
4368 1
217 4
258 4
299 4
627 5
668 4
218 4
259 3
628 4
669 3
4739 1
219 4
629 2
20514 1
1360 3
5050 1
24249 1
18353 1
1320 3
1361 4
1730 1
1771 1
9192 1
1321 4
1362 1
5093 1
5872 1
1322 3
1363 1
1732 1
1323 3
1364 1
1733 1
1774 1
14216 1
1324 2
1365 1
1734 1
14668 1
1325 2
1735 1
1776 1
1326 4
1367 2
1327 2
1368 1
5468 1
1328 2
1369 1
1738 1
1779 1
5469 1
1329 3
1739 1
2050 1
2460 1
2010 1
2092 2
2420 1
2461 1
19495 1
6151 1
2011 1
2462 1
2872 1
19865 1
2012 1
2422 1
2463 1
2832 1
2873 1
2054 1
2423 1
2833 1
11257 1
2014 1
2424 1
2875 1
6934 1
2056 1
2835 1
231083 1
2016 1
2426 1
2467 1
2058 1
2427 3
2018 1
2879 1
6118 1
2019 1
2429 1
22715 1
116031 1
3560 1
37530 1
3153 1
3975 1
3156 1
3525 1
3116 1
3198 1
3567 1
3936 1
3159 1
3939 1
81979 1
44150 1
180 7
590 5
140 27
181 6
550 4
591 5
960 2
4661 1
141 11
182 8
510 6
551 4
592 4
920 3
961 3
4293 1
142 21
183 7
511 8
552 6
593 4
921 5
962 2
143 9
184 5
512 10
553 5
594 3
922 1
963 6
4213 1
61546 1
144 15
185 7
513 9
554 8
595 7
923 2
964 4
145 18
186 8
514 5
555 7
596 4
924 2
965 1
8356 1
146 12
187 7
515 11
556 6
597 6
925 2
966 3
4298 1
147 12
188 5
516 8
557 7
598 3
926 2
967 2
148 14
189 4
517 8
558 4
599 5
927 2
968 4
149 20
518 8
559 4
928 2
969 1
4219 1
4629 1
519 8
929 2
14960 1
1290 4
1250 2
1660 1
1210 5
1251 3
1292 3
14595 1
1211 2
1252 3
1293 5
1621 1
1662 1
9493 1
41117 1
1212 3
1253 2
1294 2
1663 2
1213 4
1254 5
1295 5
1623 1
1664 1
10826 1
1214 2
1255 4
1296 4
1624 1
1665 1
1215 1
1256 3
1297 5
1625 2
114507 1
1216 3
1257 2
1298 3
1626 1
1667 1
1217 4
1258 2
1299 2
1627 2
1668 1
5399 1
25600 1
1218 4
1259 3
1669 2
1219 4
1629 1
11101 1
2391 1
2760 1
6000 1
2393 1
6493 1
11556 1
2313 1
2395 1
2723 1
241705 1
2314 1
2355 1
2396 1
132213 1
2766 1
2398 1
2726 1
6457 1
6826 1
2317 1
2358 1
2768 1
6007 1
53796 1
2729 1
43353 1
3000 1
3001 1
3493 1
3044 1
3085 1
3823 1
12657 1
3455 1
3497 1
3866 1
58994 1
3499 1
3008 1
7108 1
3419 1
480 5
890 2
440 9
481 10
850 3
891 2
4920 1
400 15
441 13
482 7
810 3
892 2
4183 1
401 14
442 18
483 12
811 1
852 1
893 1
4102 1
402 15
443 9
484 9
812 2
853 3
894 3
8244 1
403 17
444 11
485 8
813 3
854 3
895 1
51072 1
404 17
445 12
486 10
814 3
855 3
896 2
8287 1
405 17
446 12
487 6
815 2
856 1
897 3
13719 1
406 12
447 9
488 6
816 1
857 1
898 3
4599 1
407 15
448 9
489 8
817 3
858 1
899 2
82148 1
28573 1
408 15
449 12
818 1
859 1
8209 1
409 11
819 1
20744 1
14892 1
1180 4
1590 1
10711 1
18952 1
1140 5
1181 2
1550 2
1960 1
1100 4
1141 2
1182 5
1510 1
1551 1
1592 1
1920 1
5200 1
1101 3
1142 3
1183 2
1552 1
1921 2
18955 1
1102 3
1143 3
1184 2
1512 2
1553 1
1594 1
1922 1
1963 1
5653 1
1103 2
1144 3
1185 6
1513 1
1964 1
9713 1
1104 2
1145 4
1186 3
1514 2
1555 1
1596 2
1965 1
5245 1
1105 4
1146 2
1187 3
1515 2
1556 1
1597 2
1966 1
1106 6
1147 4
1188 3
1516 1
1557 1
1598 1
1967 2
1107 4
1148 4
1189 5
1558 1
1108 2
1149 3
1518 1
1559 1
1928 1
1109 2
1519 1
1929 1
29676 1
42145 1
2691 2
450482 1
2241 1
2610 1
32151 1
32931 1
2284 1
11897 1
2654 1
2695 1
2245 1
2286 1
2205 1
2246 1
2697 1
2206 1
2658 1
2618 1
78822 1
382103 1
26677 1
7070 1
7400 1
68874 1
3342 1
7852 1
3302 1
3712 1
7033 1
3795 1
3304 2
3345 1
12589 1
33665 1
3797 1
3759 1
175483 1
370 8
780 2
330 9
371 6
740 2
781 4
4441 1
4892 1
331 13
372 11
700 2
741 4
782 2
8132 1
332 7
373 7
701 4
742 2
783 1
4074 1
333 8
374 7
702 4
743 2
784 2
334 7
375 8
703 4
744 1
785 1
34724 1
335 12
376 9
704 3
745 1
786 1
4487 1
38087 1
336 12
377 4
705 2
746 1
787 3
4898 1
337 13
378 8
706 2
788 4
338 12
379 5
707 3
748 2
789 4
339 9
708 4
749 4
28874 1
709 2
1070 3
1480 1
1890 1
1030 4
1071 5
1440 1
1481 2
1850 1
1031 1
1072 6
1400 1
1441 2
1810 1
1032 2
1073 4
1401 2
1442 2
1483 1
1811 2
1852 2
1893 1
5952 1
1033 4
1074 4
1402 2
1443 1
1484 1
1853 1
269701 1
1034 2
1075 2
1444 1
1485 3
1813 1
1854 1
5134 1
5585 1
1035 1
1076 3
1404 1
1445 1
1486 2
1814 1
1855 1
1896 1
5504 1
5996 1
1036 5
1077 4
1405 1
1446 2
1856 1
1897 1
5505 1
1037 1
1078 2
1406 3
1447 1
1488 2
1816 2
1857 1
1898 1
5506 1
31726 1
1038 5
1079 3
1407 1
1448 2
1489 1
5138 1
1039 5
1408 2
1449 2
1818 1
1409 1
1819 1
5919 1
2130 1
2581 1
2172 2
2992 1
6231 1
2173 1
2501 1
2133 1
2584 1
2994 1
2503 1
2955 1
2136 1
2177 1
2587 1
2915 1
2137 1
2178 1
2138 1
2548 1
2917 1
3230 1
3232 1
7701 1
3274 1
3275 1
3644 1
16579 1
3605 1
3646 1
3687 1
50574 1
3279 1
3239 1
23195 1
13530 1
4780 1
8470 1
260 7
670 2
220 2
261 59
630 2
671 3
71619 1
221 5
262 5
631 2
672 2
222 6
263 3
632 4
673 3
51260 1
223 3
264 6
633 4
674 4
13168 1
224 4
265 3
634 3
675 3
4786 1
30145 1
225 4
266 3
635 1
676 2
4336 1
8026 1
226 4
267 2
636 5
677 2
227 3
268 2
637 2
678 3
228 3
269 1
638 2
679 2
229 3
639 4
1370 2
1780 2
1330 5
1371 4
9981 1
1331 1
1372 1
1700 1
1741 1
1782 1
1332 2
1373 1
1701 2
1742 1
1333 2
1702 1
1784 1
1334 4
1375 2
1744 1
1785 1
5024 1
1335 3
1376 1
1704 1
1745 1
1786 1
1336 2
1377 3
1746 1
9946 1
5805 1
1337 2
1378 1
1706 2
1747 1
31657 1
1338 3
1379 1
1789 1
5807 1
1339 1
1708 2
25768 1
2060 1
2471 1
2881 1
2021 1
2062 1
2841 1
73819 1
2432 1
2473 1
2883 1
2023 1
2064 1
2843 1
2434 1
2885 1
2025 1
2435 1
2476 1
2886 1
2067 1
2027 1
2847 1
2888 1
2807 1
26493 1
6579 1
6128 1
2849 1
26002 1
2809 1
22316 1
7670 1
3120 2
3940 1
68244 1
7263 1
3944 1
3576 1
3904 1
3986 1
27180 1
3536 1
3168 1
3947 1
127581 1
3169 1
190 7
150 9
191 4
560 9
970 2
8771 1
151 13
192 10
520 5
561 7
930 2
971 2
152 13
193 6
521 7
562 5
931 1
972 5
274399 1
153 10
194 3
522 5
563 4
973 3
8323 1
154 12
195 2
523 10
564 8
933 2
974 5
155 11
196 5
524 3
565 5
934 3
975 3
4635 1
156 8
197 5
525 7
566 3
935 2
976 2
157 11
198 7
526 5
567 6
936 2
977 1
8737 1
158 10
199 8
527 5
568 5
937 5
978 4
159 9
528 6
569 4
938 1
979 2
529 8
20044 1
10872 1
1260 3
1220 3
1261 5
1630 2
24109 1
1221 1
1262 4
1672 1
1222 2
1263 5
1632 1
1223 5
1264 2
1224 4
1265 2
1634 1
1675 1
18258 1
1225 3
1266 5
1635 1
1676 1
1226 2
1267 1
1677 1
1227 2
1268 3
1637 2
1678 1
1228 4
1269 1
1679 1
1229 3
