4324 1
4327 1
2230 1
2232 1
2233 1
2235 2
2237 1
2238 1
3934 1
10028 1
3935 1
3939 1
6421 1
68894 1
1840 1
1841 1
1842 1
1843 2
1845 1
1846 1
1847 1
1848 1
4333 1
16309 1
4338 1
2240 1
2243 1
2244 1
2245 1
2246 1
2248 1
2249 2
450502 1
17598 1
22665 1
3946 1
6431 1
6437 1
1851 1
1852 1
1853 1
1854 1
1855 1
1856 1
1857 2
4342 1
28946 1
4343 1
11735 1
4347 1
2252 1
2253 1
2254 1
2256 1
2258 1
24765 1
55887 1
27250 1
3950 1
3951 1
3955 1
3957 1
6446 1
1860 1
1861 1
1863 1
1864 1
1865 2
1866 2
1867 1
1868 1
4354 1
4356 1
23078 1
2260 2
2263 2
2264 1
2265 1
2266 1
2267 1
2269 1
3969 1
1871 2
6459 1
1872 1
1873 1
1875 2
1876 1
1878 1
4364 1
4368 1
2270 2
2272 1
2274 1
2276 1
2278 1
10062 1
8555 1
500 7
3970 1
501 10
502 4
3972 1
503 6
504 4
505 8
506 8
507 8
3977 1
508 8
509 7
3979 1
32344 1
6466 1
1880 1
1881 1
1882 1
674116 1
1884 2
155234 1
1886 1
1887 2
1889 1
16348 1
4373 1
11762 1
4374 1
4378 1
2282 1
2283 1
2286 1
2287 1
2289 1
510 10
511 5
3981 1
512 9
10075 1
513 10
514 2
515 7
1000 2
516 7
1001 3
517 7
1002 2
518 7
1003 1
3988 1
519 6
1004 2
1005 3
6471 1
1006 3
1007 3
1008 2
138847 1
1009 2
25197 1
1891 1
1892 1
1894 1
1895 1
1897 1
1899 1
4382 1
95406 1
4387 2
2700 1
2703 2
2707 1
2290 2
2709 2
2294 1
2296 1
2298 1
12170 1
3100 1
3101 1
3103 1
3107 1
520 9
521 4
3990 1
522 12
523 6
524 8
525 7
1010 5
526 7
527 7
1012 2
3996 1
528 6
1013 3
3997 1
529 7
1014 3
3998 1
1015 2
1016 4
1017 2
1018 5
1019 2
6485 1
4802 1
47482 1
4807 1
11780 1
4391 1
4809 1
4395 1
4396 1
2710 1
2715 1
2716 1
2719 1
5201 1
5208 1
27712 1
3112 1
8583 1
530 7
531 7
123746 1
532 7
533 8
534 3
1020 1
535 8
1021 2
536 10
537 6
1023 3
538 6
1024 2
539 10
1025 2
1026 2
1027 2
13881 1
1028 2
1029 2
4810 1
6499 1
4816 1
7305 1
11797 1
2720 1
2725 1
2729 1
12606 1
5217 1
3120 1
3121 1
3126 1
3128 1
3129 1
15985 1
540 3
541 11
542 6
543 5
544 10
6911 1
545 8
1031 3
546 4
1032 1
547 9
1033 3
548 4
1034 1
549 8
1035 3
1036 1
1037 2
28121 1
1038 2
1039 4
4824 1
4828 1
45824 1
7315 1
2731 1
2734 2
14294 1
2736 1
2738 1
5224 1
5228 1
10525 1
3136 1
3138 1
550 7
13012 1
551 8
552 6
553 4
554 7
555 6
1040 2
556 6
1041 1
557 3
1042 2
558 5
1043 1
559 8
1044 1
1045 1
1046 2
1047 2
1048 2
1049 2
4831 1
4837 1
4839 1
2743 2
2744 1
2746 1
3140 1
10530 1
3143 1
3148 1
560 9
561 7
562 7
563 8
564 6
565 6
1050 3
566 6
1051 1
567 9
1052 2
568 8
6935 1
1053 2
569 5
1054 2
1055 2
1056 3
1057 2
1058 3
1059 5
61843 1
4841 1
16817 1
4849 1
2750 1
2752 1
2755 1
2756 1
55082 1
5243 1
50918 1
3151 1
3152 1
3155 2
570 5
571 7
572 7
573 5
574 8
1060 2
575 6
1061 2
576 6
1062 2
577 8
1063 1
578 5
1064 3
579 9
1065 1
1066 1
1067 3
1068 2
9431 1
1069 4
4854 1
19311 1
4857 1
2760 1
2766 1
12644 1
5256 1
5258 1
3162 1
3166 1
3167 1
580 6
581 7
582 10
583 6
584 11
1070 1
585 8
1071 2
586 3
1072 3
587 9
1073 2
588 4
1074 2
589 7
6956 1
1075 3
1076 2
1077 2
6959 1
1079 2
4860 1
30743 1
4861 1
4863 1
7355 1
2770 1
2772 1
2774 1
2778 2
5261 1
141899 1
5264 1
5265 1
58007 1
5269 1
247554 1
3173 1
10567 1
3178 1
44170 1
590 4
591 8
592 6
593 4
6960 1
594 5
595 4
1080 2
596 7
1081 2
597 5
1082 1
598 6
1083 1
599 7
1084 3
1085 3
1086 2
1087 1
1088 1
1089 3
9456 1
23591 1
4870 1
4873 1
7361 1
2781 1
7369 1
17242 1
2786 1
5274 1
3181 1
3182 1
3188 1
1500 3
1502 2
1503 1
1505 2
1506 2
1507 1
1090 1
1508 2
1091 3
6974 1
1509 2
1092 3
1093 2
13069 1
1094 4
1095 2
1096 1
1097 3
1098 1
1099 1
4882 1
4883 1
21922 1
2790 1
2791 1
2792 1
2793 2
2794 1
2795 1
2796 1
2798 1
5281 1
12678 1
3603 1
3606 1
3190 1
3608 1
3191 2
15167 1
3198 1
1510 3
1511 3
1512 1
1513 2
1514 1
1515 1
1516 2
1517 2
1518 2
1519 2
4000 1
6987 1
4003 1
73637 1
9472 1
4008 1
4891 1
4892 1
4894 1
4897 1
7380 1
31172 1
17265 1
3610 1
3613 1
3617 1
6100 1
1520 3
1521 2
1522 1
18963 1
1524 1
1525 1
1526 1
1527 1
1528 1
1529 1
4017 1
4019 1
9485 1
7807 1
7392 1
8200 1
8205 1
8209 1
3623 1
3626 1
63116 1
6113 1
1530 2
1531 1
1532 1
1533 1
1534 2
1535 1
1537 1
1538 2
1539 1
4024 1
4026 1
11416 1
7814 1
5726 1
3630 2
3633 1
3635 1
6123 1
1540 2
1542 2
1543 1
1544 1
20266 1
1545 2
1546 2
1548 1
9916 1
4036 1
4039 1
19383 1
3641 1
3649 1
18990 1
1550 1
1552 1
1553 1
1554 1
1555 1
1556 2
1557 1
1558 1
1559 2
4042 1
11433 1
4046 2
4049 1
19395 1
19398 1
8234 1
8237 1
3651 1
3655 1
3657 1
6141 1
6143 1
13536 1
1560 1
1561 1
1562 2
1563 1
1565 2
1566 1
1567 3
1569 1
4057 1
76173 1
7845 1
5757 1
5759 1
8247 1
3661 1
3665 1
6155 1
1570 2
1572 1
1573 1
1574 1
1575 2
1578 1
1579 2
4062 1
129275 1
11454 1
4067 1
15640 1
200 11
8256 1
201 10
202 6
203 12
204 8
3673 1
205 8
206 7
3675 1
207 7
208 15
209 7
3679 1
13553 1
6166 1
1580 1
1582 1
1583 2
1584 2
1586 2
1587 3
1588 1
1589 2
28676 1
4074 1
5770 1
8261 1
8264 1
210 5
211 9
212 9
213 4
214 6
215 14
3684 1
216 7
217 9
218 12
219 8
3688 1
6176 1
32059 1
1590 1
1591 1
1592 2
1593 1
1595 2
23215 1
1597 1
1598 1
1599 1
9962 1
4080 1
4081 1
4083 1
4086 1
2401 1
2402 1
2403 1
2404 2
165483 1
2406 2
45086 1
2408 1
368032 1
220 3
221 10
222 6
223 3
224 10
225 5
226 5
227 7
228 7
229 3
3699 2
4509 1
4093 1
4095 1
4098 1
11488 1
4099 1
2411 1
2413 2
2416 1
2417 2
2418 1
2419 1
7885 1
41324 1
230 10
231 6
232 6
233 5
234 9
235 3
236 6
237 4
238 1
239 13
20742 1
6191 1
6193 1
4516 1
4518 1
7002 1
2422 1
90547 1
2423 1
2424 2
19865 1
2426 2
2427 1
2428 1
2429 1
8700 1
8291 1
240 3
241 4
242 5
243 8
244 6
245 9
246 4
247 5
248 6
249 6
6617 1
9101 1
4521 1
4528 1
9995 1
7013 1
7015 1
2435 2
2437 1
2438 1
17780 1
8716 1
15693 1
10229 1
250 5
251 5
252 3
253 6
6620 1
254 7
255 4
256 4
257 5
258 3
259 6
9117 1
4530 1
4531 1
11921 1
4533 1
4535 1
4539 1
7023 1
7027 1
33790 1
2442 1
2443 1
2445 1
2449 1
12320 1
260 6
261 4
262 6
263 4
25351 1
264 6
265 4
266 7
267 5
268 3
269 5
9120 1
16514 1
4542 1
4548 1
69917 1
14426 1
2451 1
2452 1
19893 1
2457 1
2458 1
2459 1
10243 1
270 5
271 4
49735 1
22878 1
272 5
273 6
274 7
275 6
276 4
277 6
278 10
279 7
4551 1
4552 1
4556 1
4559 1
7044 1
2461 1
2462 1
2463 2
2464 1
2467 2
27465 1
8749 1
280 17
281 59
282 6
283 7
284 6
285 5
6652 1
286 6
287 7
288 4
289 4
20797 1
9145 1
4563 1
11956 1
23288 1
7050 1
2471 1
2472 1
2473 1
2475 1
2476 1
2477 1
2478 1
700 4
701 5
702 4
703 5
704 3
705 4
706 5
290 12
707 4
291 15
708 4
292 5
709 4
293 7
294 2
6661 1
295 3
296 5
297 3
298 1
299 10
9158 1
4571 1
4572 1
4576 2
4579 1
2480 1
2481 1
2482 1
2484 2
2485 1
2486 1
2489 1
8762 1
710 3
711 5
712 3
713 5
714 8
1200 3
715 3
1201 1
716 3
1202 1
717 2
1203 1
718 3
1204 1
719 4
1205 1
18646 1
1207 1
1208 3
1209 2
6675 1
9167 1
4581 1
11971 1
4587 1
4589 1
2901 1
2902 1
7075 1
2490 1
2908 1
2492 1
2495 1
2497 2
2498 1
2499 1
3300 1
3302 1
96893 1
3306 1
720 3
721 7
722 6
723 4
724 3
725 3
10288 1
1211 2
726 7
1212 1
727 2
1213 1
728 5
729 1
1215 1
1216 3
1217 1
1219 1
6689 1
9177 1
4593 1
4599 1
2911 1
2916 1
2918 1
5404 1
5407 1
5409 1
3317 1
730 5
731 2
732 4
8788 1
733 2
734 1
1220 2
735 4
1221 1
18662 1
736 6
1222 2
737 2
1223 1
738 3
1224 2
739 3
1225 1
1226 4
1227 2
1228 1
1229 2
179838 1
9186 1
2923 1
2926 1
2927 2
5412 1
5418 1
12808 1
3320 1
10713 1
3324 1
3329 1
740 5
741 3
742 3
743 2
744 5
745 4
1230 1
746 4
1231 2
747 6
748 2
1233 1
749 3
1234 1
1236 1
1237 1
1238 1
1239 1
9608 1
9197 1
2932 1
5426 1
53174 1
3333 1
750 5
751 3
752 4
753 3
754 2
1240 1
1241 1
756 5
1242 2
757 5
1243 2
758 5
759 2
1245 2
1246 1
1248 1
1249 2
9614 1
14912 1
19084 1
2940 1
7528 1
2943 1
2944 1
2949 1
5439 1
3349 1
760 3
761 4
762 5
763 3
764 4
1250 2
765 4
1251 2
766 2
1252 2
767 3
1253 1
768 4
1254 1
769 4
1255 1
1256 3
1257 3
1258 2
1259 2
80534 1
2950 1
2953 1
2954 1
2956 1
2957 2
113444 1
27953 1
3354 1
3357 1
3359 1
770 6
771 3
13233 1
772 2
773 4
774 4
1260 1
775 4
1261 2
776 7
1262 2
777 3
1263 1
778 6
779 4
1265 1
1266 3
1267 1
1268 1
11149 1
2964 1
2966 1
5453 1
3361 1
3365 1
3369 1
780 4
781 2
782 5
783 2
784 3
785 4
1270 1
786 4
1271 2
787 2
1272 1
788 2
1273 2
789 4
1274 2
1275 1
1276 3
1277 1
1279 1
9647 1
19525 1
2970 1
2974 1
5467 1
96075 1
84746 1
15342 1
3370 1
3375 1
3379 1
790 1
791 6
792 4
793 3
794 4
1280 3
795 4
1281 1
796 4
1282 1
797 6
798 3
1284 2
799 5
1285 1
1286 1
1288 2
1289 2
14953 1
2981 1
2985 1
15350 1
10770 1
1700 1
1702 2
1705 1
1706 1
1707 1
1291 2
1709 1
1292 2
1293 2
1294 1
1295 1
1296 2
1297 1
1298 3
9669 1
2100 1
2102 1
2103 1
2106 1
7572 1
2992 1
2993 1
2995 1
2998 2
2999 1
5483 1
5488 1
3800 1
5489 1
3801 1
3806 1
3807 1
3391 1
3395 1
1711 1
1712 1
1713 2
1715 1
1717 1
1718 1
54041 1
4201 1
4205 1
4206 1
4208 1
2110 1
2111 1
2113 1
2116 1
2117 1
2118 1
2119 1
5905 1
5494 1
5497 1
3810 1
1720 2
1722 1
1723 4
1726 1
1727 2
1729 1
4215 1
11604 1
9684 1
11609 1
2120 2
2121 2
2122 1
2124 1
2125 1
2129 2
8402 1
3821 1
3823 1
3828 1
6310 1
1731 2
1733 1
1734 1
13293 1
1735 1
20458 1
1738 2
4221 1
4223 1
4226 1
4227 1
2131 1
2132 1
2134 1
2135 2
2137 1
2138 1
2139 2
5921 1
8418 1
3831 1
3832 1
3837 1
6322 1
1740 1
1741 3
1743 1
1745 1
1746 2
1747 1
1749 1
4232 1
4236 1
4237 1
38076 1
2142 1
2143 1
2145 1
2146 3
2149 1
5930 1
5937 1
8426 1
3840 1
15816 1
3842 1
3849 1
1750 1
1751 1
1753 1
1755 1
1756 1
1758 3
30128 1
4246 1
4249 1
14126 1
2151 2
2152 2
2153 1
2155 1
2158 1
3852 1
3855 1
3857 1
3858 1
3859 1
6343 1
1760 2
1762 1
1764 1
1765 2
1767 1
1769 1
2160 1
2161 1
2162 1
2164 1
2165 1
2166 2
2168 1
2169 1
5954 1
8443 1
8446 1
3864 1
3868 1
6355 1
1770 1
1771 1
1772 1
1774 2
1776 1
1777 2
1778 1
4260 1
4261 1
4266 1
4267 1
83541 1
2170 2
172827 1
2172 1
2173 1
2174 1
2176 1
382123 1
2177 1
2178 1
2179 1
5966 1
8450 1
400 10
401 9
402 15
22592 1
403 15
3872 1
404 15
405 13
406 12
3875 1
407 16
408 13
409 13
1780 1
1781 3
6368 1
1782 1
1787 1
1789 1
4272 1
4274 1
2183 1
2184 1
2189 1
5972 1
410 20
411 16
412 12
413 18
414 9
415 14
3885 1
416 11
3886 1
417 14
418 14
3888 1
419 16
13765 1
1790 1
1792 2
1794 1
1795 1
1796 1
1797 2
1798 1
1799 1
4281 1
30165 1
4287 2
2600 1
4289 1
2602 1
2607 1
2190 2
2608 1
2193 1
2194 1
2195 1
2199 1
43195 1
12074 1
5986 1
3005 1
3008 1
8475 1
420 13
3890 1
421 11
422 9
423 14
424 8
3894 1
425 14
426 11
3896 1
427 14
428 10
429 11
6381 1
18357 1
6387 1
11682 1
4295 1
2610 1
2611 2
2612 1
2614 1
108036 1
2615 1
2617 2
2618 1
5104 1
5990 1
5995 1
10400 1
3011 1
3014 2
3015 1
3018 1
3019 1
430 8
431 11
432 13
433 11
6800 1
434 10
435 15
87765 1
436 13
437 13
438 9
439 10
6390 1
4711 1
4717 1
4719 1
2620 1
7208 1
2622 1
2626 1
2627 1
14188 1
2629 1
5111 1
5117 1
12509 1
12095 1
206638 1
3021 1
3022 1
8491 1
3027 1
440 10
441 5
442 13
443 11
444 9
445 8
446 16
447 10
18373 1
448 10
449 12
9304 1
61721 1
4720 1
9308 1
4726 1
2630 1
2631 1
2632 1
2635 1
2638 1
5120 1
2639 1
5122 1
5126 1
5128 1
3030 2
3037 1
450 11
451 10
452 11
453 10
454 7
455 15
456 10
457 9
458 12
459 4
198049 1
4730 1
4732 1
2643 1
2645 1
2646 1
5139 1
58763 1
3040 1
8922 1
3045 1
3049 1
460 12
461 12
462 10
463 9
464 11
465 7
6832 1
466 11
467 10
468 10
469 10
4742 1
274367 1
4745 1
2651 1
2653 1
2655 1
2659 1
5141 1
72683 1
15028 1
3053 1
3054 1
3055 1
3059 1
470 10
471 12
472 8
473 9
474 10
475 11
476 12
477 11
478 12
479 14
9331 1
4751 1
4753 1
4754 1
4756 1
7241 1
2660 1
7248 1
2662 1
2663 2
2665 1
2667 1
36919 1
5154 1
3061 1
3065 1
3066 1
3068 1
10459 1
480 13
481 10
482 6
483 10
484 10
20107 1
485 7
486 10
487 7
488 8
489 6
4760 1
4766 1
4769 1
7258 1
2674 1
2675 1
2676 1
2677 1
5160 2
5165 1
3072 1
900 3
901 3
902 2
903 4
3078 1
904 1
905 3
906 5
907 3
490 10
908 1
491 12
909 6
492 9
493 8
6861 1
494 8
495 5
496 6
6864 1
497 5
498 9
499 8
4773 1
23497 1
4777 1
33149 1
2682 1
2686 1
2688 1
5171 1
5177 1
46176 1
3080 1
3084 1
910 6
3085 1
911 3
912 4
913 3
3088 1
914 2
1400 2
3089 1
915 3
916 1
1402 1
917 3
1403 1
918 1
32752 1
1404 2
919 1
1405 1
1406 2
1407 1
1408 1
1409 1
47875 1
4781 1
4784 1
4788 1
2692 1
17150 1
2693 1
2694 1
2695 2
2696 1
2697 1
5185 1
3501 1
3503 1
3506 1
3090 1
920 5
921 1
3095 1
922 2
923 3
924 3
925 1
1410 1
3099 1
926 1
927 3
928 1
1413 1
929 2
1414 1
1415 2
1416 1
1417 2
1418 1
1419 2
124531 1
35258 1
4791 1
4792 1
30675 1
4795 1
5607 1
5608 1
5194 1
50868 1
5198 1
5199 1
3511 1
3514 1
3519 1
930 3
6002 1
931 3
932 1
933 4
934 4
18860 1
935 2
1420 2
936 1
1421 3
937 2
938 3
939 4
1424 2
1425 2
1426 3
1428 1
1429 2
7707 1
7290 1
14689 1
17179 1
8108 1
34874 1
3528 1
940 2
941 4
942 1
943 3
944 2
1430 1
945 3
1431 2
946 3
1432 1
947 2
6019 1
1433 1
948 3
1434 1
949 3
1435 1
1436 2
1437 1
1438 1
1439 2
5622 1
3530 1
3531 1
3536 1
3538 1
950 1
951 2
952 3
953 3
954 3
1440 1
955 1
956 3
1442 2
957 2
958 1
1444 2
959 4
1445 1
1446 1
1447 1
1448 1
1449 1
11322 1
100601 1
19281 1
19286 1
7729 1
5630 1
15515 1
3540 1
22262 1
3542 1
10932 1
960 2
6032 1
961 3
962 1
963 3
964 2
965 1
966 1
1451 2
967 3
1452 2
968 1
969 5
1454 1
1455 1
1458 1
28542 1
1459 1
5649 1
3551 1
3554 2
3555 1
970 4
6042 1
971 2
972 5
973 4
974 1
975 3
976 1
1461 1
977 3
978 4
1463 1
1464 1
1467 1
1468 2
1469 1
9834 1
7742 1
17620 1
24375 1
3561 1
3562 1
10953 1
3566 1
3567 1
18025 1
980 2
981 1
982 1
983 1
984 4
1470 1
985 2
986 5
1472 1
987 1
6059 1
1473 1
988 3
1474 1
989 1
1475 2
1476 1
1477 1
1478 1
1479 1
9842 1
97968 1
21001 1
7756 1
7758 1
17639 1
5665 1
5666 1
5667 1
8153 1
3570 1
3572 1
3576 1
3578 1
990 2
13452 1
991 1
992 3
993 3
6065 1
995 1
1481 2
996 1
1482 2
997 2
998 1
1484 1
999 2
1486 1
1487 1
1488 1
1489 1
11362 1
7760 1
31552 1
34042 1
96285 1
8161 1
3581 1
1900 1
1902 1
1903 1
1904 1
1906 1
1907 3
1490 1
1492 1
1493 1
1494 1
1495 1
1496 1
1497 1
1498 2
9865 1
2300 1
21022 1
2301 1
2302 1
2305 1
2307 1
2308 1
5682 1
5684 1
3594 1
6080 1
1910 2
3599 1
1913 1
1915 1
1916 1
1917 1
6089 1
1919 2
4404 1
4405 1
9879 1
2312 1
2315 1
2317 1
2318 1
5699 1
63501 1
6505 1
1920 1
1921 1
1922 1
1923 1
1925 1
1926 1
13485 1
1927 1
1928 1
4411 1
4415 1
4418 1
38250 1
19760 1
2320 1
2323 1
2324 1
2325 1
2326 1
7793 1
2328 1
2329 1
17670 1
8600 1
10112 1
82001 1
141 170
142 64
143 53
144 40
145 33
146 52
147 30
148 23
149 38
1930 2
1933 2
13493 1
1934 1
1935 1
1936 1
1937 1
1938 1
9008 1
4422 1
4423 1
4427 1
184311 1
2333 1
2335 1
2336 1
2338 1
33687 1
10120 1
8619 1
150 21
32400 1
151 24
22758 1
152 30
153 29
154 25
6521 1
155 30
156 24
157 25
6524 1
158 28
159 22
6527 1
1942 1
1943 2
1946 1
1948 1
11821 1
4436 1
4439 1
2340 1
2341 1
2343 1
26947 1
2345 1
2346 1
2348 2
10138 1
160 18
161 25
162 16
163 12
164 21
165 16
6532 1
166 15
167 25
168 18
169 17
1950 1
1951 1
1952 1
1953 1
1954 1
1955 2
1959 2
4441 1
4444 1
11833 1
4449 1
2352 1
2353 1
2355 1
2356 1
2358 1
8632 1
8636 1
10144 1
170 24
171 14
172 17
173 20
174 17
175 12
176 15
177 8
13933 1
178 14
179 17
1961 1
54702 1
20684 1
1965 1
1967 1
9036 1
4450 1
4454 1
4459 1
11849 1
2360 1
2362 1
2363 1
2364 1
2365 1
2366 2
2368 1
180 11
181 13
182 15
183 8
184 10
185 17
186 9
187 11
6554 1
188 14
189 6
1970 2
6558 1
1972 1
1973 1
1974 1
1979 1
61466 1
4464 1
4466 1
4467 1
2370 1
2372 1
2376 1
2378 1
43373 1
12257 1
600 3
601 5
602 7
603 5
604 7
10168 1
605 6
606 10
190 9
607 3
191 11
608 6
192 16
609 5
193 7
194 9
6561 1
195 7
196 9
197 14
198 9
199 10
1982 1
1984 1
1985 3
1986 1
1987 1
1988 1
4470 1
4475 1
2381 1
21519 1
2382 1
2383 1
2385 1
2387 1
29473 1
40899 1
68150 1
610 8
611 3
612 5
613 8
614 6
1100 2
615 9
1101 1
616 7
1102 2
617 8
1103 3
618 5
1104 3
619 4
1105 1
1106 3
13960 1
1107 1
1108 2
1109 3
6578 1
1993 2
1994 1
1996 1
1997 1
1998 2
4480 1
4482 1
4485 1
4486 1
2801 1
2807 1
2390 1
2392 1
2393 1
2395 1
2397 1
2399 1
3203 1
620 4
621 4
622 4
623 6
10186 1
624 4
625 9
626 5
1111 1
627 5
1112 2
628 4
1113 2
629 4
1114 3
1116 2
1117 2
1118 3
1119 2
54741 1
4900 1
13979 1
4909 1
4498 1
2811 1
2813 1
24021 1
2819 1
5305 1
5307 1
3210 1
10602 1
3213 1
3217 1
3219 1
8685 1
630 5
631 5
632 6
633 7
634 9
635 2
1120 3
636 5
1121 2
637 7
1122 1
638 5
1123 4
639 1
1124 2
1125 2
1126 3
1127 3
1128 1
11001 1
6599 1
4916 1
4918 1
7405 1
11897 1
2822 1
2823 1
2825 1
2826 1
2828 1
79529 1
67783 1
12296 1
3221 1
3224 1
3227 1
10616 1
87970 1
640 4
641 6
642 5
643 4
644 6
1130 2
645 3
1131 2
646 2
1132 1
647 7
1133 1
648 2
1134 2
649 6
1135 1
1137 2
1138 2
1139 1
28227 1
9506 1
177658 1
2835 1
2838 1
5320 1
5323 1
3230 1
15207 1
3232 1
3235 2
3239 1
650 5
651 4
652 6
653 5
654 3
1140 2
655 6
1141 1
656 3
1142 2
657 4
1143 2
658 4
1144 1
659 3
1145 2
1146 1
1147 2
1148 1
4931 1
23656 1
4939 1
14810 1
2841 1
2844 1
2846 1
2847 1
2849 1
5332 1
5335 1
5337 1
3240 1
3241 1
3242 1
3243 1
3249 1
660 3
661 2
662 3
663 5
664 3
665 5
1150 3
666 5
1151 1
667 3
668 5
669 2
1154 3
1155 1
1156 2
1158 2
1159 1
11033 1
4941 1
4943 1
4945 1
4948 1
2850 1
7439 1
2855 1
2858 1
5342 1
5347 1
3252 1
3255 1
3256 1
670 5
671 4
672 6
25761 1
673 3
674 5
675 2
1160 2
676 8
1161 3
677 5
1162 2
678 7
1163 1
679 4
1164 1
1166 2
1167 1
1168 1
1169 1
9534 1
11043 1
42165 1
4953 1
7441 1
2862 1
2865 1
12742 1
53511 1
3262 1
3264 1
10653 1
3266 1
680 7
681 2
682 4
683 5
684 3
1170 1
685 7
1171 2
686 5
1172 1
687 6
1173 1
688 3
1174 1
689 4
1175 3
56899 1
1176 1
1177 1
1178 2
1179 4
4964 1
4965 1
4967 1
2871 1
2872 1
2875 1
2879 1
5367 1
3272 1
3277 1
690 4
691 6
692 6
693 4
694 5
1180 1
695 5
1181 1
696 3
1182 2
697 3
1183 1
698 5
1184 2
699 3
1185 2
1187 2
1189 1
11065 1
4972 1
4976 1
7469 1
2885 1
2888 1
2889 1
5373 1
3281 1
3283 1
1600 2
3289 1
107023 1
1601 1
1605 3
1606 1
1607 1
1190 1
1608 1
1191 1
1609 1
1192 3
1193 2
1194 2
1195 2
1196 2
1197 3
1198 3
1199 2
4982 1
4983 1
2000 1
2002 1
2006 1
2007 1
2009 1
160918 1
2890 1
2891 1
2892 1
2896 2
5387 1
15260 1
3702 1
3703 1
3292 1
10682 1
3295 1
1610 4
1611 2
1613 1
1614 1
1615 1
1618 2
1619 1
4103 1
9572 2
16961 1
4108 2
4991 1
11085 1
2010 1
2011 1
2012 1
4996 1
2015 1
4999 1
7481 1
2016 1
2017 2
2018 2
2019 1
7488 1
5806 1
3710 1
3712 1
3717 1
6202 1
6205 1
1620 1
1621 1
1622 2
1623 2
1625 1
1628 1
1629 1
4113 1
4115 1
4117 1
26623 1
7903 1
2023 2
2026 2
2028 2
2029 1
5810 1
5819 1
8303 1
3721 1
6210 1
6212 1
37561 1
1630 1
6218 1
1632 2
1633 1
1635 1
1636 1
1637 1
1638 1
1639 1
4121 1
4124 1
4128 1
2030 1
2031 1
7915 1
2033 1
2036 1
2039 1
5824 1
3731 1
3733 1
3737 1
3738 1
1640 1
1641 1
1642 1
1643 1
1644 1
1645 1
16104 1
1647 1
1648 1
1649 2
4131 1
4132 1
4138 1
4139 1
11528 1
2040 1
2042 2
2043 2
2045 1
2046 2
2049 1
5830 1
17390 1
65325 1
60740 1
3740 1
3742 1
3744 1
3747 1
3749 1
1650 1
1651 2
1652 2
1654 2
1656 1
1657 1
1658 1
1659 2
4144 1
4148 1
2051 1
2052 2
2053 1
2057 1
2059 1
24568 1
3750 1
3752 2
3759 1
6245 1
1661 1
1662 1
1663 2
1664 1
1665 1
1667 2
1668 1
1669 2
4158 1
7942 1
2062 1
2065 1
2067 1
31735 1
5855 1
8343 1
3760 1
3761 1
3766 1
152531 1
1670 1
6257 1
1671 1
1672 1
1675 1
1676 2
1677 1
1678 1
150441 1
4162 1
38411 1
4165 1
4167 1
4169 1
2071 1
7955 1
2073 1
322763 1
2075 1
2076 1
2077 1
5860 1
300 4
301 3
3770 1
302 10
303 4
304 4
3773 1
305 4
306 4
307 4
3776 1
308 6
309 4
44772 1
6264 1
20819 1
1681 1
1682 1
1683 1
1684 1
1685 1
1686 2
1688 2
4174 1
291902 1
14052 1
2080 1
2083 1
2085 1
2087 1
2089 1
5871 1
65363 1
310 4
311 7
312 3
313 4
314 6
315 3
3784 1
316 2
317 7
318 2
319 3
3788 1
3789 1
6273 1
1690 1
1691 1
1692 2
1693 1
1695 1
1697 1
4181 1
4184 1
4188 1
2501 1
14060 1
2502 1
2504 1
14063 1
2506 1
2507 1
2090 1
2091 1
2093 1
2094 2
2097 1
2099 1
8374 1
320 5
321 5
3790 1
322 4
323 4
3792 1
324 4
325 1
326 5
327 2
3796 1
328 6
32161 1
329 5
51955 1
4601 1
4605 1
4609 1
4192 1
4196 2
2511 1
2512 1
2514 1
7981 1
2516 1
2519 1
5002 1
17864 1
5897 1
330 1
15775 1
331 3
332 5
333 4
334 7
335 4
336 3
337 3
338 6
339 3
6299 1
4611 1
4616 1
2521 1
2522 1
2523 1
2525 1
7991 1
2526 1
5012 2
268774 1
5019 1
340 17
341 24
342 12
343 14
344 13
345 17
6712 1
346 16
347 15
348 18
349 18
59048 1
4623 1
4628 1
7112 1
134902 1
2531 1
2532 1
2535 1
2537 1
2538 1
5026 1
8811 1
10329 1
350 13
351 13
352 16
353 16
354 11
355 15
356 14
357 14
358 14
6725 1
359 16
4631 1
4633 1
7124 1
2541 2
2543 1
2544 1
2545 1
2547 1
2549 1
12420 1
5031 1
5037 1
360 12
361 12
362 15
363 9
364 9
365 14
366 14
367 15
368 21
369 14
9221 1
4643 1
2550 1
2552 3
2555 1
2559 1
5044 1
5049 1
370 15
371 12
372 18
373 13
374 11
375 11
6742 1
376 13
377 14
378 16
379 10
4650 1
4651 1
4653 1
4654 1
4655 1
2560 1
14538 1
2564 1
2565 2
2568 1
5053 1
5055 1
5059 1
22981 1
380 10
381 14
382 11
383 13
384 12
385 11
386 12
387 8
388 9
389 14
6758 1
16637 1
4665 1
4668 1
7156 1
2570 1
2571 1
14548 1
2578 2
5066 1
800 5
801 4
802 3
803 3
804 3
805 3
806 4
807 3
390 14
808 3
391 11
809 3
392 19
393 14
6760 1
394 11
395 12
396 11
397 8
398 16
399 11
105926 1
4675 1
30558 1
4679 1
7164 1
2581 1
7169 1
2584 1
17042 1
2587 1
2588 1
5071 1
5073 1
5078 1
8865 1
810 3
811 3
812 2
813 2
814 4
815 4
1300 1
816 3
817 4
1302 1
818 3
1303 2
819 3
1304 1
1305 1
1306 1
1307 1
1308 1
1309 3
6777 1
4682 1
4685 1
4686 1
4687 1
79702 1
38938 1
2590 1
14567 1
2591 1
2592 1
2593 1
2595 1
2596 1
232252 1
5084 1
5086 1
5088 1
3402 1
820 3
821 5
822 3
823 2
824 1
1310 3
825 4
1311 1
826 3
1312 2
827 5
1313 1
828 2
829 1
6780 1
1316 1
1317 2
1318 1
1319 2
9277 1
4692 1
4697 1
7180 1
4699 1
7185 1
5506 1
12481 1
5094 1
5098 1
3410 1
3411 1
60417 1
10806 1
830 1
831 2
832 3
833 4
834 2
1320 4
835 5
836 4
1322 2
837 1
838 6
839 4
1325 3
1326 1
1328 1
59534 1
11208 1
19161 1
7602 1
7609 1
48609 1
12906 1
8001 1
8003 1
3421 1
8892 1
3429 1
13301 1
840 2
841 1
842 3
843 2
844 1
1330 3
845 2
1331 1
846 3
847 2
1333 2
848 3
1334 4
849 3
1335 1
1336 1
1337 1
1338 1
5522 1
5523 1
103879 1
8010 1
15402 1
3432 1
111434 1
3437 1
41948 1
3438 1
850 1
851 3
852 3
853 5
854 2
25943 1
855 5
1340 3
856 4
1341 1
857 4
1342 1
858 1
1343 2
859 3
1344 2
1345 3
1347 3
1348 1
1349 1
16696 1
57463 1
5535 1
8028 1
3442 1
3444 1
3447 1
3448 1
860 5
861 3
82727 1
862 3
863 4
44446 1
864 2
1350 1
865 3
1351 1
866 4
1352 2
867 4
868 3
1354 1
869 2
1355 2
1356 3
1357 4
28441 1
1358 2
1359 1
258766 1
21776 1
17515 1
5542 1
12935 1
120707 1
3453 1
3456 1
870 2
871 2
872 3
75575 1
25961 1
873 4
875 3
1361 3
876 3
877 1
1363 1
878 3
879 2
1365 2
1367 3
9730 1
1368 1
1369 2
11245 1
33522 1
5555 1
3461 1
3464 1
3466 1
10857 1
880 1
881 1
882 3
883 4
884 4
1370 1
885 2
1371 1
886 1
1372 1
887 3
1373 1
888 2
889 2
1375 1
1376 1
1377 2
1378 1
1379 1
116051 1
3470 1
3476 1
890 3
891 3
892 2
893 2
894 4
895 2
1380 2
896 3
1381 1
897 3
1382 2
898 4
1383 1
899 1
1384 1
1385 2
1386 1
1387 2
1388 1
1389 1
9755 1
40290 1
5573 1
15455 1
8069 1
3485 1
3488 1
1800 1
3489 1
1801 1
1803 2
1804 1
1806 2
1390 1
1808 2
1809 1
1392 2
1394 1
78094 1
1396 1
1398 2
1399 3
2200 1
158535 1
2206 1
2207 2
2209 1
7675 1
12976 1
3904 1
3491 1
3909 1
3495 1
1812 1
1813 1
1814 1
1815 2
1818 3
4300 1
78519 1
4304 1
4308 1
9775 1
2210 1
2211 1
2215 2
2217 1
2219 1
5596 2
27216 1
10006 1
3915 1
10892 1
1822 2
13382 1
1825 1
1828 1
4310 1
1829 1
4317 1
19660 1
2220 1
2222 1
2223 1
2227 2
2229 2
282382 1
12109 1
8509 1
3922 1
3924 1
49504 1
8098 1
3929 1
6413 1
1831 1
1832 1
1833 2
13809 1
1835 1
1836 1
1837 1
1839 2
4321 1
