21188 1
2771 1
6831 1
2363 1
6013 1
2365 1
2775 1
2736 1
2327 1
2369 1
6429 1
2329 1
3050 1
3010 1
7973 1
3463 1
3424 1
3425 1
3426 1
7158 1
3839 1
490 41
4970 1
450 48
491 44
860 9
4930 1
410 67
451 62
492 51
820 6
861 6
4193 1
411 70
452 52
493 45
821 7
862 8
412 64
453 46
494 37
822 8
863 6
413 68
454 54
495 33
823 8
864 7
414 81
455 50
496 34
824 9
865 13
8297 1
415 80
456 47
497 44
825 9
866 7
416 61
457 57
498 36
826 7
867 8
417 64
458 57
499 41
827 9
868 6
418 77
459 47
828 10
869 7
419 61
829 6
1190 2
1150 3
1191 2
1970 1
1110 2
1151 3
1192 3
1520 2
1971 1
1111 3
1152 2
1193 1
1521 1
1562 1
1931 1
1112 4
1153 4
1194 3
1522 2
1973 1
1113 4
1154 2
1195 4
1523 2
1564 1
1933 1
1114 4
1155 1
1196 3
1524 1
1565 1
1934 1
1975 1
1115 3
1156 5
1197 3
1566 2
1116 2
1157 4
1198 2
1567 1
1977 1
1117 1
1158 3
1199 1
1527 2
1568 2
1978 1
9399 1
1118 3
1159 2
1938 1
5218 1
1119 3
1529 3
5629 1
2210 1
2620 1
2293 1
2253 1
11497 1
2214 1
2296 1
2624 1
2256 2
2666 1
2217 1
6317 1
43293 1
7490 1
3392 1
22509 1
12145 1
3724 1
7087 1
12929 1
380 99
790 5
340 120
381 86
750 13
791 9
300 4
341 144
382 93
710 11
751 11
792 9
4411 1
4821 1
301 1
342 124
383 97
711 12
752 8
793 9
4494 1
302 2
343 135
384 85
712 12
753 11
794 11
4003 1
303 1
344 112
385 91
713 10
754 13
795 8
345 113
386 73
714 13
755 13
796 7
4415 1
305 4
346 132
387 79
715 12
756 11
797 8
4047 1
347 117
388 83
716 12
757 12
798 11
307 1
348 120
389 83
717 14
758 10
799 7
308 2
349 121
718 14
759 11
309 3
719 11
1080 4
1040 3
1081 1
1491 4
1000 2
1041 3
1082 3
1410 1
1451 3
1820 1
1861 1
1001 3
1042 2
1083 4
1411 1
1452 1
1493 1
1821 1
1002 3
1043 5
1084 3
1412 2
1453 1
1494 1
1822 1
1863 1
5922 1
5143 1
1003 3
1044 4
1085 5
1454 3
1823 2
1004 4
1045 6
1086 5
1414 1
1455 2
1496 1
1824 1
1865 1
1005 8
1046 5
1087 3
1415 2
1456 1
1866 1
1006 5
1047 4
1088 3
1416 2
1457 2
1498 2
1867 1
1007 5
1048 3
1089 5
1417 1
1499 1
1827 1
1008 4
1049 3
1418 1
1459 1
1828 1
1009 4
1829 1
52407 1
2180 1
2141 1
2551 1
2920 1
2183 1
2594 1
2144 1
6285 1
2596 1
2105 1
105032 1
2147 1
2516 1
2107 1
2108 1
2559 1
3280 1
3241 1
3617 1
3209 1
270 1
680 17
230 6
271 3
640 17
681 18
231 2
272 3
600 24
641 17
682 11
232 2
273 4
601 24
642 21
683 13
233 4
274 2
602 19
643 19
684 13
234 2
275 2
603 20
644 22
685 17
235 4
604 14
645 16
686 8
4715 1
236 3
277 2
605 26
646 18
687 9
237 2
278 2
606 18
647 21
688 17
238 4
279 2
607 20
648 16
689 12
239 4
608 18
649 17
20902 1
609 20
1380 2
1790 1
1381 1
1791 1
1341 4
1382 1
1751 1
1301 1
1342 3
1383 3
1711 1
1793 1
1302 4
1343 3
1384 1
1712 1
1794 1
1303 2
1344 1
1385 2
1713 1
1754 1
1304 1
1345 1
1386 1
1755 1
1796 1
10138 1
1305 3
1346 2
1756 3
1306 2
1347 1
1716 1
1798 1
1307 4
1348 2
1389 2
1758 1
1308 1
1349 1
1309 3
1719 1
9919 1
21676 1
2070 1
2480 1
2891 1
25739 1
2441 1
2401 1
2811 1
2074 1
2402 1
2034 1
2075 1
6504 1
2036 1
2077 1
2487 1
2447 1
2406 1
2038 1
6999 1
2408 1
7680 1
3951 1
3173 1
3584 1
3134 1
3544 1
3548 1
79385 1
4680 1
160 3
570 25
980 3
161 10
530 33
571 27
940 7
981 6
4272 1
162 4
531 35
572 26
900 7
941 7
982 1
4232 1
163 5
532 26
573 29
901 8
942 3
983 4
134542 1
164 10
533 34
574 21
902 4
943 4
984 5
165 8
534 28
575 25
903 6
944 2
985 6
166 4
535 31
576 27
904 5
945 5
986 5
167 8
536 30
577 24
905 6
946 6
987 6
168 6
537 26
578 26
906 5
947 2
988 4
169 6
538 34
579 23
907 5
948 6
989 3
129 42
539 33
908 7
949 6
909 7
1270 1
1230 4
1271 5
1640 1
1231 1
1272 3
1600 1
1641 2
1682 1
1232 3
1273 1
1601 1
1642 1
1683 1
1233 2
1602 1
1643 1
1684 1
5743 1
1234 3
1275 4
1603 1
1685 1
1235 1
1276 3
1604 1
1686 1
1236 1
1277 3
1605 1
1646 1
1687 1
5377 1
1237 2
1606 1
1647 1
1688 2
1238 2
1279 2
1648 2
1689 1
1239 3
1649 1
1609 1
2370 1
2330 1
2331 1
2741 1
2332 1
2374 1
2376 1
2786 1
6068 1
2338 1
26393 1
2749 1
3020 1
3883 1
3064 1
3024 1
3845 1
3477 1
3026 1
3887 1
7907 1
3807 1
3439 1
71855 1
460 44
870 11
4571 1
4530 1
420 64
461 47
830 5
871 8
421 66
462 54
831 8
872 5
422 63
463 55
832 10
873 7
423 63
464 47
833 9
874 8
424 74
465 48
834 9
875 9
8225 1
425 69
466 49
835 9
876 5
4167 1
426 58
467 42
836 5
877 10
55195 1
4906 1
427 55
468 36
837 8
878 5
428 62
469 50
838 8
879 7
4539 1
429 59
839 6
14092 1
1160 4
120799 1
1120 2
1161 3
1571 2
5671 1
1121 1
1162 2
1531 1
1900 1
1122 2
1163 2
1532 2
1573 1
1901 1
1983 1
1123 1
1164 2
1533 3
1574 1
1902 1
1943 2
1124 2
1165 3
1534 1
1575 2
18978 1
1125 2
1166 4
1535 1
1576 1
1945 1
1986 1
1126 2
1167 2
1905 1
1946 2
1127 3
1168 3
1537 1
1578 2
1906 1
1947 1
1128 3
1169 1
1538 1
1129 6
1539 2
1908 2
2220 1
2671 1
11836 1
2635 1
6367 1
2227 1
2228 1
2679 1
3361 1
3366 1
3776 1
390 86
350 133
391 92
760 8
8151 1
310 1
351 110
392 83
720 15
761 10
311 4
352 103
393 86
721 13
762 13
312 2
353 115
394 74
722 11
763 8
8113 1
354 110
395 79
723 11
764 10
314 2
355 119
396 83
724 11
765 10
315 1
356 98
397 77
725 12
766 10
4098 1
357 121
398 78
726 14
767 10
317 2
358 108
399 78
727 11
768 12
4469 1
318 1
359 93
728 11
769 10
319 1
729 12
1090 2
1050 3
1091 5
1870 1
1010 3
1051 4
1092 5
1420 1
1871 1
1011 3
1052 7
1093 3
1462 1
1872 1
1012 3
1053 3
1094 3
1422 3
1832 1
1873 1
5563 1
1013 8
1054 3
1095 2
1423 1
1464 1
5113 1
5974 1
1014 5
1055 6
1096 5
1424 3
1465 3
1875 1
1015 4
1056 6
1097 1
1425 1
1466 1
1835 1
10669 1
1016 4
1057 3
1098 2
1426 1
1467 2
1877 1
1017 4
1058 4
1099 5
1468 3
1837 1
1878 1
1018 7
1059 4
1428 2
1469 1
1838 1
1019 4
1429 1
2190 1
2192 1
2971 1
2111 1
2153 1
6212 1
2113 1
2155 1
2524 1
2116 1
2198 1
6667 1
6258 1
12862 1
16514 1
3295 1
3667 1
3216 1
3258 1
7359 1
3629 1
690 14
240 1
650 18
691 15
4720 1
200 3
241 1
282 3
610 24
651 19
692 16
201 3
242 5
283 1
611 17
652 26
693 20
202 2
243 1
284 3
612 19
653 13
694 15
4354 1
203 5
244 2
285 1
613 18
654 18
695 20
59810 1
8865 1
204 6
245 8
286 1
614 22
655 16
696 15
205 2
246 1
287 3
615 24
656 17
697 9
206 4
247 3
288 1
616 22
657 21
698 17
207 3
248 6
289 2
617 14
658 13
699 16
4728 1
208 6
249 1
618 24
659 19
209 3
619 21
227412 1
1350 1
1391 2
1760 1
5860 1
1310 4
1351 3
1392 1
1761 1
1311 2
1352 2
1393 2
1721 1
1762 1
1312 2
1353 2
1394 3
1354 2
1395 3
1723 1
9144 1
1314 3
1355 3
1396 2
1724 1
1315 2
1356 3
1397 1
1766 2
1316 1
1357 2
1398 1
1726 1
1317 2
1358 3
1399 2
1727 1
5868 1
1318 2
1728 1
1769 2
1319 4
1729 1
2040 1
2860 1
2082 1
36830 1
6592 1
2083 1
6552 1
2493 1
2043 1
2453 1
2044 1
2085 1
6144 1
2495 1
2865 1
2414 1
6555 1
2087 1
2047 1
2088 2
2416 1
2826 1
2007 1
2868 1
2458 1
2008 1
2049 1
2829 1
3922 1
7245 1
7205 1
3189 1
7208 1
3149 1
170 11
580 28
990 7
75259 1
130 19
171 6
540 38
581 22
950 4
991 4
17995 1
131 25
172 6
500 35
541 29
582 20
910 6
951 4
992 7
132 14
173 13
501 43
542 27
583 21
911 7
952 6
993 6
34112 1
4612 1
133 13
174 6
502 41
543 24
584 24
912 5
953 8
994 2
134 15
175 6
503 48
544 34
585 23
913 7
954 4
995 4
4696 1
135 9
176 7
504 47
545 33
586 24
914 8
955 6
996 5
4246 1
4615 1
136 15
177 6
505 25
546 28
587 21
915 7
956 6
997 5
4288 1
137 21
178 5
506 41
547 31
588 21
916 6
957 7
998 4
138 5
179 7
507 33
548 25
589 25
917 3
958 7
999 4
28632 1
139 9
508 31
549 25
918 7
959 3
509 29
919 5
1280 3
1690 2
1240 1
1650 1
1691 1
1200 3
1241 3
1282 1
1610 1
1651 1
1201 2
1242 3
1283 3
1611 1
1652 2
1202 3
1243 3
1284 3
1694 1
1203 3
1244 2
1654 1
1204 1
1245 1
1286 2
1614 1
1696 1
1205 2
1246 2
1287 1
1615 1
1656 2
1697 1
1206 4
1247 2
1288 3
1698 1
1207 1
1248 2
1289 2
1617 1
1658 1
1699 1
1208 4
1249 2
1618 1
1659 1
1209 1
1619 1
2340 1
2792 1
2711 1
2343 1
2302 2
2754 1
2796 1
2306 1
2348 1
2309 1
74419 1
33720 1
3074 1
3075 1
3034 1
3403 1
3813 1
3896 1
470 41
880 7
430 71
471 49
840 6
881 6
17434 1
431 67
472 44
800 8
841 6
882 5
432 59
473 43
801 6
842 8
883 9
433 58
474 46
802 7
843 7
884 7
4134 1
434 52
475 37
803 5
844 4
885 6
435 63
476 51
804 9
845 8
886 4
436 59
477 39
805 7
846 6
887 6
4916 1
437 61
478 35
806 8
847 7
888 10
4589 1
438 54
479 49
807 8
848 8
889 5
439 44
808 7
849 8
809 4
18570 1
1170 2
1580 1
1990 2
1130 2
1171 2
1581 1
1950 2
10333 1
1131 2
1172 3
1500 1
1541 3
1582 2
1951 2
5600 1
1132 2
1173 2
1501 1
1542 2
1133 2
1174 2
1502 2
1543 2
1584 1
1994 1
10705 1
1134 2
1175 2
1503 1
1544 1
1913 1
1995 1
5685 1
1135 2
1176 3
1504 1
1545 4
1955 1
1136 1
1177 3
1546 1
1587 1
1956 1
1137 5
1178 3
1506 1
1547 2
1138 4
1179 4
1507 1
1548 1
1589 2
1917 1
1139 2
1549 1
1918 1
9749 1
1509 3
1919 1
2270 1
2231 1
2273 1
6742 1
2232 1
2685 1
2604 1
6787 1
2236 1
2278 1
2647 1
2606 1
2609 1
3330 1
3700 1
27391 1
360 108
770 11
320 2
361 111
730 10
771 13
4841 1
321 2
362 97
731 15
772 9
322 1
363 98
732 10
773 9
323 2
364 88
733 15
774 9
4803 1
324 1
365 93
734 11
775 11
4025 1
325 1
366 115
735 12
776 13
4887 1
367 101
736 12
777 13
327 1
368 109
737 10
778 8
328 146
369 106
738 11
779 8
329 133
739 13
14770 1
24357 1
1060 3
1470 2
1880 1
1020 5
1061 3
1430 1
1471 1
1840 2
1881 1
1021 3
1062 3
1431 2
1472 3
1800 2
1022 5
1063 5
1432 1
1883 1
1023 2
1064 2
1433 1
1024 7
1065 5
1434 2
1475 1
1803 1
1844 1
1025 4
1066 3
1435 1
1476 1
1026 6
1067 6
1436 1
1477 1
9226 1
1027 3
1068 1
1437 1
1478 1
1806 1
5168 1
1028 3
1069 3
1438 1
1479 1
1848 1
1889 1
5128 1
1029 3
1808 1
1849 1
2160 1
2980 1
2161 1
2121 1
2533 1
2124 1
6224 1
2534 1
2944 1
2576 1
2168 1
2169 1
2907 1
3263 1
290 2
250 2
291 2
660 23
210 4
251 3
292 1
620 19
661 12
211 2
252 2
293 2
621 20
662 16
212 3
253 2
294 2
622 19
663 14
4364 1
213 6
254 2
295 2
623 16
664 15
214 3
255 4
296 1
624 19
665 14
8056 1
4325 1
215 5
256 3
297 1
625 19
666 13
216 3
257 70
626 14
667 19
217 2
258 5
299 1
627 19
668 13
218 1
259 4
628 16
669 17
219 2
629 18
281859 1
1360 2
1770 1
1320 1
1361 1
1321 2
1362 1
1772 1
114244 1
1322 2
1363 1
1732 2
1773 1
1323 2
1364 1
1733 1
9195 1
1324 2
1365 2
1734 1
1775 3
1366 1
1776 1
1326 2
1367 1
5057 1
1327 1
1737 1
1778 1
1328 5
1369 1
1738 2
1329 2
63440 1
2090 1
2010 1
6110 1
2011 1
2093 1
2053 1
2054 1
2465 1
2466 1
2057 1
2098 1
2468 1
2427 1
2837 1
2018 1
3152 1
7623 1
3196 1
3978 1
3118 1
180 4
590 26
140 25
181 2
550 32
591 22
960 4
141 7
182 7
510 35
551 24
592 24
920 3
961 7
142 11
183 4
511 30
552 18
593 25
921 6
962 8
4212 1
143 19
184 4
512 32
553 25
594 21
922 5
963 6
144 8
185 2
513 30
554 32
595 23
923 4
964 4
8724 1
145 9
186 4
514 34
555 26
596 21
924 5
965 5
146 11
187 3
515 39
556 32
597 27
925 6
966 4
147 12
188 8
516 38
557 32
598 19
926 5
967 5
148 7
189 3
517 35
558 29
599 20
927 5
968 4
149 9
518 32
559 29
928 9
969 3
4219 1
519 38
929 5
1290 1
1250 2
1291 2
1660 1
10494 1
1210 1
1251 2
1292 1
1620 1
1211 2
1252 3
1293 1
1621 2
1212 3
1253 1
1294 1
1622 1
1663 1
9453 1
1213 2
1254 2
1295 3
1664 1
1214 4
1255 3
1296 3
1624 2
9086 1
1215 1
1256 1
1297 1
1625 1
1666 1
1216 2
1257 5
1298 3
1626 1
1667 1
1217 2
1258 1
1299 3
1627 2
1218 3
1259 4
1628 1
1219 3
6491 1
21918 1
6041 1
2392 1
2721 1
2763 1
2313 1
2765 1
6457 1
32226 1
2358 1
2318 1
3490 1
12243 1
3860 1
3000 1
3412 1
3413 1
3498 1
3049 1
13341 1
96685 1
480 41
890 6
440 49
481 49
850 7
891 7
400 69
441 52
482 48
810 9
851 7
892 4
4962 1
401 63
442 57
483 50
811 8
852 11
893 6
402 71
443 52
484 38
812 6
853 5
894 6
403 76
444 43
485 43
813 9
854 3
895 5
404 80
445 52
486 45
814 8
855 8
896 6
405 68
446 51
487 36
815 12
856 9
897 8
406 65
447 51
488 42
816 6
857 9
898 5
4558 1
407 74
448 46
489 46
817 7
858 9
899 5
408 75
449 46
818 7
859 7
409 73
819 6
1180 3
1140 5
1181 3
1550 1
1591 1
1100 2
1141 3
1182 3
1510 1
1592 2
1920 1
1961 1
1101 3
1142 1
1183 3
1511 1
1552 1
1921 1
1102 7
1143 1
1184 3
1594 2
1963 1
1103 4
1144 2
1185 5
1513 2
1554 3
1595 1
1923 1
1104 3
1145 2
1186 3
1514 1
1596 1
1965 1
1105 4
1146 4
1187 2
1515 2
1925 1
1106 2
1147 2
1188 4
1516 1
1926 2
1107 3
1148 3
1189 1
1558 1
1599 1
1108 3
1149 3
1559 2
1928 1
1109 7
1519 1
1929 1
21434 1
2650 1
2283 1
2202 1
2246 1
2615 1
2698 1
2207 1
2289 1
2248 1
85480 1
12584 1
7851 1
3792 1
3383 1
3385 1
7035 1
3345 1
3308 1
370 104
780 12
4891 1
8581 1
330 133
371 89
740 12
781 13
8500 1
331 135
372 101
700 11
741 14
782 7
4852 1
4811 1
332 139
373 93
701 20
742 7
783 6
333 134
374 94
702 16
743 11
784 10
4444 1
334 135
375 81
703 18
744 10
785 8
335 137
376 91
704 15
745 12
786 6
336 128
377 76
705 17
746 9
787 7
337 130
378 83
706 16
747 16
788 9
338 121
379 84
707 10
748 9
789 4
339 134
708 17
749 10
709 12
28058 1
1070 3
1890 1
1030 6
1071 6
1440 1
1481 1
5581 1
1031 6
1072 5
1400 1
1441 1
1482 1
1810 1
1851 1
1032 2
1073 4
1442 3
1852 1
5501 1
49999 1
1033 3
1074 5
1402 3
1443 2
1812 1
1853 1
1894 1
1034 6
1075 5
1403 2
1485 2
1813 1
1035 5
1076 5
1404 1
1445 1
1486 1
1855 2
1896 1
1036 5
1077 2
1405 1
1446 2
1815 1
1897 1
1037 3
1078 6
1406 1
1447 2
1488 2
1857 1
1898 1
5588 1
1038 4
1079 5
1407 2
1448 1
1489 1
1858 2
9607 1
1039 2
1408 3
1818 2
5139 1
1409 1
1819 1
2580 1
2171 1
2950 1
2992 1
19985 1
2173 1
2583 1
2133 1
2174 1
2134 1
2544 1
2504 1
2915 1
2139 2
6609 1
47273 1
7373 1
4780 1
260 5
670 14
4371 1
220 3
261 3
630 19
671 11
169443 1
221 3
262 1
631 20
672 18
222 3
263 5
632 24
673 12
4743 1
223 2
264 2
633 16
674 15
224 7
265 2
634 19
675 10
13579 1
225 3
266 4
635 21
676 12
226 2
267 1
636 21
677 15
227 3
268 2
637 20
678 11
228 1
269 2
638 16
679 15
8029 1
229 2
639 19
1370 2
1330 1
1371 2
1331 2
1372 1
1782 2
1332 1
1373 2
1701 1
1742 1
5022 1
1333 1
1374 1
1702 1
1743 1
1784 2
39402 1
1334 2
1375 2
1703 1
10906 1
5844 1
1335 3
1376 1
1745 1
1786 1
5886 1
1336 2
1377 1
1746 3
1337 2
1378 1
1706 1
1747 1
1338 2
1379 3
1339 2
1708 2
1749 1
1709 1
2023 1
2064 1
2843 1
2434 1
2066 2
2804 1
2476 1
2848 1
2809 1
3530 1
3163 1
3168 1
3949 1
190 2
150 8
191 6
560 26
970 7
23009 1
151 9
192 8
520 35
561 30
930 3
971 6
4221 1
152 10
193 2
521 37
562 24
931 5
972 7
4673 1
153 9
194 5
522 37
563 36
932 7
973 5
154 9
195 4
523 36
564 28
933 6
974 6
155 15
196 4
524 38
565 18
934 9
975 2
156 7
197 8
525 33
566 26
935 4
976 5
4636 1
157 6
198 2
526 41
567 20
936 7
977 3
158 9
199 5
527 37
568 27
937 3
978 4
159 7
528 31
569 29
938 5
979 6
529 29
939 2
10421 1
1260 4
1670 1
1220 2
1261 3
1630 1
9871 1
1221 4
1262 3
1631 1
1672 1
1222 3
1263 3
1632 1
1673 1
1223 4
1264 2
1224 4
1265 3
1634 1
1675 2
1225 3
1266 5
1635 1
1676 1
1226 4
1267 3
1636 2
1677 2
1227 2
1637 1
1228 2
1269 5
1679 1
1229 3
1639 2
