11561 1
11193 1
15293 1
2360 1
6460 1
6010 1
15254 1
2321 1
6093 1
6872 1
6053 1
11115 1
2364 1
2733 1
6013 1
2365 1
2775 1
2325 1
2366 1
2735 1
2776 1
6425 1
2367 1
63718 1
22282 1
2369 1
6018 1
2329 1
6429 1
43322 1
16393 1
74888 1
3460 1
7970 1
3010 1
7151 1
3421 1
7562 1
7194 1
64404 1
3874 1
7933 1
16767 1
3014 1
3055 2
7975 1
3015 1
3056 1
3425 1
7156 1
7566 1
12669 1
37476 1
3467 1
7526 1
12629 1
37805 1
3099 1
3837 1
7199 1
3059 1
27852 1
54455 1
23798 1
490 4
450 7
491 5
860 2
4151 1
4192 1
8292 1
8620 1
13764 1
27409 1
410 9
451 9
492 8
820 1
861 2
4111 2
4562 1
34882 1
411 10
452 8
493 7
821 3
862 3
4153 1
4522 1
4563 1
13397 1
412 12
453 10
494 7
822 1
8254 1
413 8
454 8
495 4
864 1
4155 1
4934 1
414 9
455 12
496 5
824 2
865 1
4156 1
4976 1
415 11
456 5
497 7
825 2
866 1
4198 1
103353 1
34026 1
416 9
457 11
498 7
826 1
867 1
4568 1
4937 1
417 12
458 8
499 7
827 2
868 2
4159 1
418 10
459 7
869 2
8219 1
419 14
829 1
28995 1
10760 1
1150 1
1191 2
1110 1
1151 1
1520 1
1561 1
1152 1
1193 1
1521 1
1972 1
5211 1
9721 1
35982 1
1112 1
1153 1
1522 1
1563 2
1932 1
9353 1
9763 1
18146 1
1113 1
1154 1
1195 2
1523 1
1564 1
1933 1
1974 2
1114 1
1524 1
1565 2
1975 1
5624 1
10399 1
1156 1
1197 2
1525 1
5666 1
31886 1
1116 2
1157 1
1198 1
1567 2
1977 1
5216 1
5298 1
5626 1
21071 1
18109 1
1117 1
1158 1
1199 1
1937 1
1528 1
1569 1
9359 1
6390 1
2292 1
67784 1
2211 1
19696 1
19655 1
15145 1
2253 1
2663 1
6312 1
6763 1
2623 1
2296 1
2665 1
2625 1
2666 1
2257 1
6398 1
2258 1
2627 1
2218 1
2669 1
12100 1
12593 1
7860 1
3761 1
7084 1
7453 1
3313 1
7044 1
164776 1
3356 1
3725 1
3398 1
3767 1
3727 1
7868 1
3319 1
58856 1
23275 1
27786 1
4490 1
17383 1
380 13
790 2
4040 1
340 1
381 8
750 5
791 1
30630 1
117743 1
300 1
341 1
382 9
710 3
751 2
792 2
4493 1
301 1
383 12
752 3
793 2
4084 1
4822 1
8922 1
343 1
384 10
712 3
753 2
794 3
13247 1
212774 1
303 1
344 3
385 10
713 1
754 3
795 1
4086 1
4865 1
8186 1
304 2
386 12
714 2
755 1
796 1
4005 1
4415 1
305 1
346 17
387 6
715 4
756 4
797 1
4088 1
13209 1
38057 1
306 1
347 14
388 9
716 2
798 2
8107 1
307 3
348 6
389 10
717 1
758 4
799 2
8559 1
72421 1
20273 1
308 1
349 14
718 2
759 3
309 1
719 4
24785 1
10650 1
28436 1
24787 1
10282 1
10610 1
1080 2
45496 1
1040 1
1081 1
1860 1
5550 1
9691 1
1000 2
1041 2
1451 2
1492 2
1820 1
1861 1
5920 1
10695 1
14344 1
1001 3
1042 2
1083 2
1411 1
1493 1
10655 1
1043 2
1084 1
1412 1
1453 1
1822 1
9612 1
1003 1
1085 2
1413 1
1454 1
1495 1
1864 1
5144 1
1045 1
1086 1
1824 1
5186 1
9245 1
18858 1
14758 1
1005 2
1046 1
1415 1
1456 1
1825 1
1866 1
21370 1
31776 1
1006 2
1457 2
1498 2
1867 1
5516 1
1007 1
1048 1
1089 1
1417 1
1499 1
1827 1
5599 1
9699 1
29900 1
1008 1
1049 2
1418 1
1459 1
1869 2
5969 1
9659 1
1009 2
1419 1
1829 1
25064 1
29125 1
25435 1
2590 1
2140 1
6240 1
11753 1
2182 1
2551 1
6651 1
15813 1
2101 1
2921 1
2962 1
6693 1
2143 2
2553 1
2185 1
2554 1
6613 1
2104 2
2596 1
2924 1
2965 1
11307 1
32014 1
2105 1
2146 1
2107 1
2148 1
6207 1
6289 1
2518 1
6249 1
6618 1
2109 2
43512 1
22028 1
3281 1
12402 1
22808 1
3241 1
3610 1
3692 1
7341 1
7751 1
351348 1
3653 1
3244 1
3695 1
106540 1
81654 1
3615 1
23120 1
3617 1
3658 1
3249 1
3659 1
7759 1
37669 1
50135 1
40555 1
270 1
680 5
4381 1
4791 1
230 3
271 1
640 2
681 2
4710 1
8072 1
231 5
272 3
600 3
641 4
682 5
232 2
273 2
601 4
642 4
683 1
4753 1
8033 1
34622 1
233 5
274 1
602 3
643 4
684 2
4385 1
8485 1
17606 1
30564 1
234 2
275 1
603 3
644 3
685 4
8445 1
38724 1
235 3
604 5
645 2
686 2
8405 1
236 2
277 4
605 4
646 2
687 1
4757 1
8857 1
237 4
278 2
606 4
647 4
688 1
4799 1
238 1
279 3
607 5
648 4
689 3
8449 1
28773 1
239 5
608 3
649 2
8819 1
609 5
1380 1
5480 1
1340 1
1750 1
1791 1
45346 1
1300 1
1751 2
9992 1
1301 1
1342 2
1711 2
5483 1
9952 1
1384 1
1753 2
5443 1
5812 1
5894 1
10587 1
10915 1
1303 1
1713 1
1795 1
10547 1
1304 2
1345 1
1386 1
1714 1
9586 1
10179 1
1305 1
1756 1
1797 1
5036 1
5446 1
31666 1
1306 1
1388 1
1716 1
1757 1
1798 1
5406 1
5816 1
1307 1
1348 1
1389 1
1717 1
1349 1
1759 1
1309 1
1719 1
108746 1
21224 1
25775 1
6170 1
11601 1
11233 1
73869 1
2031 1
2810 1
2851 1
2892 1
2073 1
2442 1
2483 1
2033 1
2812 2
6174 1
6502 1
6994 1
84173 1
2403 1
2895 1
2035 1
2486 1
6586 1
2036 1
2446 2
2487 1
2856 1
19029 1
2037 1
2406 1
2816 1
15709 1
2448 2
2899 1
6507 1
6999 1
2408 1
70083 1
53435 1
2819 1
53807 1
43403 1
26838 1
3991 1
3131 1
3910 1
3951 1
12703 1
81992 1
3133 1
3502 1
3543 1
7643 1
3176 1
7235 1
3177 1
3178 1
3588 1
3998 1
37147 1
37106 1
3507 1
3548 1
3589 1
3958 1
3918 1
7609 1
17980 1
27198 1
160 11
570 2
980 3
4271 1
4681 1
13023 1
161 12
530 6
571 5
940 1
162 10
531 3
572 7
900 2
941 1
982 1
4232 1
4642 2
17166 1
163 9
532 7
573 5
901 2
942 2
983 1
164 10
533 4
574 2
902 2
943 2
984 1
4685 1
165 9
534 4
575 5
903 1
944 1
985 1
4686 1
8704 1
166 9
535 6
576 6
904 4
945 2
986 1
4605 1
167 15
536 6
577 3
905 4
946 1
4237 1
8747 1
168 7
537 5
578 2
906 1
947 2
988 1
4648 1
24152 1
30089 1
169 12
538 2
579 3
907 3
948 1
989 2
539 5
908 1
949 1
51905 1
909 2
24565 1
1270 1
1680 1
10063 1
1230 1
1271 1
1681 1
5740 1
9471 1
296132 1
1231 1
1272 2
5331 1
5700 1
14985 1
39751 1
1232 1
1273 1
1601 1
5373 1
5742 1
1233 1
1602 1
9433 1
41959 1
139742 1
35284 1
1603 1
5785 1
9803 1
1235 1
1276 1
1604 1
1236 1
1277 1
1646 1
1687 1
5746 1
1237 1
1278 2
25620 1
1238 1
1648 1
1689 1
5379 1
1239 1
1608 1
21153 1
1609 1
42681 1
29396 1
29765 1
11980 1
11120 1
111192 1
21527 1
6470 1
2371 1
2781 1
2700 1
6841 1
2742 1
11167 1
2375 1
6885 1
2376 1
6804 1
2377 1
2746 2
2337 1
2706 1
6068 1
57015 1
12260 1
7571 1
3800 1
3063 1
3883 1
7983 1
3064 1
3433 1
7533 1
33343 1
3024 1
3434 1
3844 1
7166 1
12228 1
3067 1
3805 1
7577 1
3847 1
7538 1
37079 1
7909 1
201354 1
123302 1
48573 1
27006 1
460 7
870 1
4161 1
4571 1
8630 1
13364 1
13774 1
34891 1
420 12
461 9
830 1
4121 1
13324 1
69654 1
421 9
462 8
831 1
872 1
4901 1
422 8
463 9
832 1
873 3
8674 1
423 10
464 8
833 2
874 2
8224 1
424 8
465 3
834 2
875 1
4125 1
4166 1
4535 1
4576 1
4986 1
13738 1
425 5
466 9
835 1
876 1
4946 1
426 12
467 6
836 3
877 2
4127 1
8678 1
427 8
468 8
837 2
878 2
8269 1
428 9
469 7
838 2
879 2
429 7
839 1
55977 1
24496 1
10320 1
1980 2
62552 1
1120 1
1161 1
1530 2
1571 1
1940 1
1121 1
1162 1
1900 1
1941 1
1982 1
10365 1
14096 1
14875 1
1163 1
1573 1
1901 1
1983 1
9732 1
1123 1
1574 1
1124 1
1165 1
1534 1
1575 1
10327 1
1166 2
1945 1
5266 1
87324 1
1126 1
1577 1
1905 2
1946 1
1987 1
1127 1
1168 1
1537 1
1578 1
1947 3
1988 1
9778 1
31078 1
1169 1
1538 1
1579 1
1948 1
1129 2
1539 1
1908 2
1949 1
5639 1
21043 1
11091 1
2260 1
15112 1
6771 1
2672 1
15156 1
2223 1
2264 1
2633 1
6323 1
11098 1
57760 1
15526 1
2267 2
2636 1
11839 1
22140 1
2268 1
6778 1
32506 1
2228 1
2269 1
99920 1
26615 1
22598 1
7092 1
7831 1
60244 1
3363 1
37332 1
37743 1
3366 1
3367 1
7016 1
7099 1
7428 1
3329 1
3739 1
27304 1
79535 1
4090 1
390 13
4050 1
350 14
391 12
760 2
4010 1
4461 1
8971 1
65853 1
351 16
392 13
720 2
761 2
4872 1
13296 1
82830 1
352 12
393 10
721 3
762 2
4094 1
4463 1
8973 1
312 2
353 13
394 8
722 2
763 1
4054 1
354 11
395 12
723 2
764 2
4424 1
8114 1
8155 1
314 1
355 8
396 9
724 1
765 2
4015 1
315 3
356 13
397 11
725 2
766 1
4098 1
4467 1
4836 1
316 1
357 10
398 10
726 2
767 2
317 1
358 12
399 10
727 2
768 1
4059 1
20693 1
318 2
359 10
728 1
769 1
319 3
729 1
1090 1
18411 1
1050 1
1091 2
1460 1
9291 1
128069 1
1010 1
1092 1
1461 1
1830 1
5561 1
9210 1
66543 1
1093 2
1421 1
1462 1
1872 1
5521 1
1053 2
1094 1
1013 1
1054 1
1095 2
1423 1
10216 1
49119 1
1014 2
1055 1
1424 2
1465 1
1834 1
1875 1
9214 1
10258 1
31375 1
1015 1
1097 3
31335 1
1016 2
1057 3
1467 1
1877 1
1058 1
1099 1
1427 1
5199 1
5527 1
1059 1
1428 1
1019 1
1429 1
1839 2
25895 1
19550 1
29548 1
2191 1
15863 1
2192 1
2520 1
84660 1
2111 1
2152 1
2193 1
2522 1
6622 1
2113 1
2154 1
2564 1
2114 1
6255 1
6624 1
2156 1
2935 1
2976 1
2567 1
6217 1
36127 1
2118 1
47660 1
16180 1
26177 1
12082 1
7350 1
7310 1
3662 1
12414 1
16596 1
3212 1
3253 1
3254 1
3664 1
7395 1
7764 1
12457 1
3296 1
3665 1
7765 1
3256 1
12009 1
12829 1
50963 1
23991 1
3629 1
7319 1
13140 1
40195 1
27648 1
280 1
690 3
8491 1
8860 1
240 2
281 2
650 3
691 2
4761 1
17654 1
48726 1
200 6
241 1
282 2
610 4
651 2
692 3
4393 1
201 4
242 4
283 1
611 2
652 2
693 4
4312 1
8043 1
38322 1
30901 1
202 6
243 1
612 4
653 3
694 2
4354 1
203 7
244 4
285 1
613 4
654 2
695 6
4724 1
204 2
245 3
286 1
614 3
655 3
696 1
4766 1
205 4
246 5
287 1
615 4
656 3
697 2
4357 1
4726 1
8088 1
24230 1
206 8
247 1
288 1
616 2
657 2
698 5
4317 1
4399 1
207 4
248 2
617 4
658 3
699 2
208 3
249 2
618 2
659 4
209 6
619 4
1390 1
1391 1
1310 1
1351 1
5451 1
62743 1
18754 1
1311 1
1393 2
1762 1
41217 1
1312 1
1353 1
1722 1
5412 1
9143 1
1313 1
1354 2
1395 1
1764 1
5495 1
5823 1
9595 1
49419 1
1355 1
1396 1
9514 1
18348 1
1315 2
1356 1
1766 1
5046 1
5866 1
9187 1
14208 1
1316 2
1398 2
1726 1
1767 1
5088 1
9147 1
9967 1
10929 1
1359 2
1728 1
5008 1
9149 1
1319 2
5009 1
21275 1
56816 1
29846 1
11201 1
15793 1
2040 1
2081 1
6960 1
2082 1
2861 1
6551 1
42398 1
2001 1
2042 1
6142 1
6593 1
32731 1
2002 1
2043 1
36422 1
63476 1
2085 1
2413 1
2495 1
2823 1
2864 1
2045 1
2086 1
2865 1
6596 1
11699 1
2087 1
2457 1
19819 1
2007 1
2089 1
6968 1
6108 1
22743 1
3180 1
12342 1
126427 1
3101 1
3183 1
3552 1
3512 1
3922 1
3554 1
3595 1
12306 1
3104 1
7245 1
16038 1
3146 1
33015 1
3557 1
7206 1
60808 1
3107 1
3148 1
7207 1
3518 1
3928 1
3969 1
33428 1
50035 1
13891 1
13482 1
17952 1
170 8
580 3
4240 1
4691 1
61122 1
171 13
540 4
581 4
950 3
8382 1
172 9
500 5
541 7
582 4
951 1
992 2
4242 1
113885 1
69365 1
173 12
501 6
542 6
583 4
911 1
952 3
993 1
8302 1
174 9
502 4
543 6
584 6
912 1
953 2
994 1
4695 1
8795 1
30833 1
175 7
503 5
544 4
585 6
913 1
954 2
8345 1
13858 1
176 8
504 5
545 5
586 4
914 1
955 1
996 1
4205 1
4615 1
82614 1
177 7
505 9
546 5
587 4
997 1
178 8
506 8
547 5
588 4
916 2
957 1
4248 1
8307 1
179 8
507 6
548 6
589 4
917 4
958 1
999 2
4618 1
8718 1
508 6
549 1
918 1
959 1
509 7
919 3
20845 1
20025 1
14950 1
24538 1
1240 3
1281 2
1650 1
1691 1
66363 1
1200 2
1241 1
1651 1
1692 1
5300 1
5710 1
1283 1
1611 1
9032 1
18604 1
1202 1
1243 1
1612 1
10405 1
14505 1
1203 1
1244 1
1654 1
1695 1
1204 1
1286 1
1614 2
1696 1
5755 1
9035 1
56372 1
1205 1
1287 1
5305 1
5346 1
9897 1
1247 1
1657 1
1207 1
1248 1
1289 2
1658 1
1699 1
5389 1
1208 2
1249 1
1618 2
135658 1
1209 1
5719 1
52279 1
94801 1
11951 1
6480 1
2340 1
2381 1
2750 1
2791 1
11994 1
11544 1
11913 1
2711 1
2752 1
2384 1
2753 1
2303 1
2344 1
2385 1
2345 1
2714 1
6814 1
2346 1
2756 1
6446 1
2347 1
2716 1
2798 1
2307 1
2348 1
2758 1
26321 1
252041 1
32299 1
2719 1
6409 1
47813 1
3071 1
16702 1
3072 1
3400 1
68974 1
3483 1
3811 1
3074 1
3075 1
3854 1
3035 1
7135 1
7955 1
3487 1
3815 1
7546 1
7997 1
16339 1
3857 1
3408 1
3819 1
23367 1
17061 1
470 7
880 1
4171 1
8230 1
82170 1
430 6
471 10
840 2
881 1
8272 1
8600 1
431 14
472 9
800 1
841 2
882 2
4583 1
8232 1
8683 1
432 7
473 6
801 3
883 2
433 9
474 5
802 1
843 2
884 2
4134 1
4913 1
8275 1
8644 1
216144 1
17847 1
434 10
475 6
803 2
844 1
885 2
4504 1
4545 1
17028 1
17889 1
435 7
476 5
804 2
845 3
886 2
436 8
477 4
805 3
846 2
887 3
4588 1
4916 1
437 13
478 5
806 2
847 1
888 2
30399 1
438 9
479 8
807 1
848 3
889 1
4508 1
51435 1
24873 1
439 6
808 3
809 2
14061 1
14062 1
1170 1
1580 1
28159 1
1130 1
1171 1
1131 1
1172 1
1541 2
1582 1
1910 2
1992 1
9331 1
10375 1
1132 1
1173 2
1501 1
5683 1
1133 1
1174 1
1543 1
1584 1
5233 1
5274 1
1175 1
1503 1
1913 1
1995 1
131443 1
1135 1
1176 1
1504 1
1545 2
1586 1
1914 1
25190 1
1136 1
1546 1
1956 1
1997 1
5236 1
1137 1
1547 1
5647 1
9378 1
1958 1
1139 2
1549 1
1918 1
1959 1
39618 1
5609 1
21834 1
98054 1
177706 1
2230 1
2271 1
2640 1
2231 1
2601 1
6784 1
6375 1
2235 1
2276 1
2236 1
2647 1
2688 1
6747 1
109264 1
2648 1
105124 1
32558 1
2239 1
57325 1
16260 1
26666 1
26258 1
3370 1
3781 1
3331 1
3700 1
3332 1
3701 1
3742 1
91327 1
3784 1
7433 1
12577 1
16678 1
3746 1
50673 1
3337 1
3378 1
3706 1
3748 1
7028 1
27398 1
4060 1
360 16
770 2
8530 1
75449 1
34381 1
320 2
361 7
730 3
771 3
321 2
362 11
731 4
772 1
4432 1
96978 1
322 1
363 13
732 1
773 4
4474 1
8943 1
323 3
364 11
733 1
774 1
4024 1
4844 1
365 16
734 2
775 2
4066 1
4804 1
8535 1
366 12
735 2
776 3
4887 1
8987 1
326 2
367 12
736 3
777 3
4027 1
4437 1
4847 1
368 9
737 4
778 2
8169 1
8538 1
8907 1
8989 1
24393 1
328 1
369 10
738 3
779 2
4439 1
329 2
739 3
24726 1
1060 2
5570 1
1061 1
1881 1
1021 2
1062 2
1472 1
227988 1
1022 2
1432 1
1842 2
5122 1
5901 1
1023 2
1064 1
1474 1
1843 1
1884 1
5984 1
9674 1
1024 1
1065 1
1475 1
1803 1
5534 1
5575 1
1066 3
1435 2
1476 1
1804 1
5945 1
1026 1
1067 1
1477 1
1027 3
1068 1
1437 1
1806 1
1847 1
1888 1
5127 1
31306 1
35078 1
1028 1
1069 1
1479 1
1848 2
1029 2
1439 1
5129 1
39508 1
21763 1
46570 1
1809 1
19190 1
21356 1
11361 1
19521 1
29968 1
2160 2
42886 1
15053 1
2530 1
2571 1
2981 1
2121 1
2531 1
2572 1
6631 1
2942 1
2983 1
6673 1
2123 1
2533 2
2574 1
2124 1
2165 1
6265 1
6634 1
6675 1
11737 1
2905 1
2987 1
2578 1
6227 1
2538 1
2579 1
2907 1
32858 1
2129 1
2539 1
2949 1
26102 1
3670 1
12873 1
16932 1
3220 1
3630 2
7361 1
22009 1
16114 1
3265 1
3675 1
150550 1
3635 1
3678 1
7327 1
7778 1
3269 1
40984 1
17620 1
290 2
4770 1
250 3
291 3
660 5
4361 1
44267 1
210 6
251 2
620 4
661 1
8011 1
17255 1
34682 1
211 5
252 1
293 5
621 3
662 2
4363 1
4732 1
212 4
253 2
622 7
663 2
4774 1
8464 1
213 9
254 4
623 1
664 4
4734 1
8014 1
214 3
255 4
296 2
624 4
665 2
4325 1
215 1
256 2
625 6
666 2
216 2
257 3
626 3
667 2
4737 1
113109 1
217 5
258 1
299 1
627 6
668 2
4328 1
4779 1
8059 1
20101 1
281895 1
218 9
628 2
669 2
219 3
629 7
59828 1
10192 1
10521 1
20517 1
1360 1
1770 1
1361 2
1771 1
9110 1
9930 1
1321 1
1362 1
1772 1
5093 1
10155 1
18396 1
39431 1
1363 1
1732 1
5053 1
5422 1
1323 2
1364 2
5013 1
5874 1
9523 1
1734 1
1775 1
9934 1
35334 1
1366 3
1776 1
5015 1
1777 1
5877 1
1368 1
1778 1
21692 1
1369 1
5838 1
1739 1
25344 1
2090 1
2010 1
2051 1
6151 1
2093 2
2831 1
80420 1
2012 1
2422 1
2463 1
2873 1
6522 1
2054 1
2834 1
67178 1
2056 1
2425 1
2466 1
2057 1
2098 1
2836 1
2017 1
2468 1
2018 1
2059 1
6118 1
57599 1
16861 1
12721 1
3152 1
3193 1
7293 1
47527 1
3194 1
3973 1
7663 1
3113 2
33064 1
3114 1
3565 1
3525 1
7625 1
89396 1
3526 1
16829 1
3119 1
54598 1
140041 1
17510 1
180 5
590 5
4660 1
8350 1
181 7
550 5
591 4
960 1
4292 1
182 8
510 4
551 3
592 6
961 1
4211 1
8393 1
183 8
511 4
552 2
593 4
921 3
962 1
69335 1
144107 1
34983 1
184 4
512 8
553 7
594 4
922 2
963 2
4295 1
185 10
513 4
554 9
595 5
923 2
964 2
4214 1
186 5
514 5
555 6
596 3
924 2
965 1
4666 1
8725 1
187 4
515 5
556 6
597 3
925 1
966 1
4298 1
147 136
188 13
516 6
557 5
598 2
926 1
967 1
148 57
189 6
517 4
558 6
599 1
927 1
968 1
149 37
518 4
559 4
928 3
969 2
4629 1
8729 1
519 5
929 1
28604 1
10041 1
41195 1
18241 1
1290 2
10493 1
1291 1
1210 1
1251 1
1292 1
1661 1
5392 1
14554 1
35630 1
1211 1
1293 1
1621 1
5762 1
14145 1
1212 1
1294 2
1663 1
5312 1
5394 1
9453 1
10456 1
35222 1
1213 1
1295 1
1664 1
5764 1
9003 1
9413 1
9495 1
1255 1
1296 1
1624 1
1665 1
9496 1
1215 1
1256 1
1297 2
1666 1
1216 1
1298 1
1626 1
1667 1
1217 1
1299 2
1668 1
9499 1
1218 1
1259 1
1628 1
5359 1
5728 1
1629 1
21543 1
21914 1
15690 1
11511 1
21958 1
15652 1
2761 1
11923 1
2311 1
2352 1
2393 1
2762 1
15204 1
2312 2
6494 1
2396 1
2724 1
6086 1
6455 1
6496 1
11968 1
15248 1
15617 1
2315 1
2766 1
6825 1
2726 1
19309 1
2317 1
2399 1
2768 1
2729 1
91851 1
22687 1
68530 1
225005 1
3082 1
3451 1
7184 1
3044 1
3495 1
7923 1
43729 1
3086 1
3005 1
3866 1
7556 1
7597 1
12659 1
7598 1
3007 1
23700 1
3049 1
7928 1
23742 1
3829 1
171413 1
4180 1
75117 1
480 8
890 2
13753 1
169662 1
440 9
481 8
850 1
891 1
4920 1
400 12
441 9
482 6
810 3
851 2
892 1
4142 1
4593 1
8652 1
401 12
442 8
483 8
811 1
852 1
893 2
4102 1
4963 1
17446 1
402 11
443 10
484 5
812 2
853 2
894 1
403 13
444 9
485 7
813 5
854 3
895 2
8286 1
404 9
445 6
486 4
855 2
896 1
4105 1
4187 1
8205 1
405 11
446 7
487 4
815 4
856 2
897 1
4926 1
8657 1
406 9
447 9
488 5
816 3
857 2
898 3
4558 1
407 17
448 8
489 7
817 3
858 1
899 1
55504 1
408 8
449 7
818 2
859 3
409 9
819 3
20377 1
14031 1
14400 1
1590 2
1140 2
1181 1
1550 2
1960 1
5691 1
24849 1
1100 2
1141 1
1551 1
31420 1
1101 1
1142 2
1183 1
1511 1
1593 1
5283 1
1102 3
1184 2
1512 2
1922 1
1144 1
1554 1
1595 1
1964 1
1104 1
1145 1
1514 1
1555 1
1924 1
5655 1
1146 1
1187 1
1556 1
1597 1
1925 1
21470 1
1106 1
1147 2
1557 1
1598 1
5247 1
1107 1
1148 1
1517 1
1968 1
25941 1
1108 2
1149 1
1559 1
1109 1
29264 1
25984 1
46654 1
46245 1
11484 1
11812 1
2200 1
2610 1
6341 1
2201 1
2242 1
2611 1
6301 1
11076 1
32193 1
2243 1
2613 1
15957 1
2204 1
2286 1
6386 1
2615 1
2656 1
6305 1
6346 1
2206 1
2247 1
6306 1
2248 1
2289 1
6718 1
32979 1
2209 1
2619 1
36219 1
105588 1
64770 1
12951 1
22988 1
12584 1
7400 1
3342 1
3752 1
7811 1
3384 1
3794 1
7484 1
181782 1
64325 1
3713 1
7034 1
47309 1
12507 1
3305 1
3346 1
3715 1
3388 1
3716 1
3757 1
3798 1
7406 1
3759 1
7818 1
3309 1
13682 1
4070 1
65052 1
370 6
780 2
4030 1
4850 1
8950 1
330 2
371 10
740 1
781 3
4031 1
4441 1
4482 1
372 5
700 3
741 1
782 1
4893 1
332 1
373 9
742 2
783 3
4484 1
4853 1
333 3
374 11
702 2
743 6
784 2
4485 1
334 1
375 14
703 4
744 3
4814 1
8135 1
8996 1
335 3
376 9
704 3
745 3
786 3
4815 1
8587 1
377 11
705 2
746 1
787 2
4406 1
4447 1
4857 1
8916 1
337 1
378 8
706 1
747 1
788 2
8507 1
379 7
707 2
748 2
789 2
4859 1
28094 1
339 1
708 3
749 3
709 3
120213 1
1070 2
1480 1
1030 1
1071 1
9230 1
10233 1
1072 2
1851 1
5582 1
9641 1
1032 3
1401 1
1442 2
1852 2
1893 1
5132 1
35821 1
1033 3
1074 1
1402 1
1443 1
1484 1
5502 1
18887 1
14705 1
1034 1
1075 1
1403 1
1485 1
1813 1
1854 1
9275 1
1035 2
1076 1
1404 1
1445 2
1896 1
1036 2
1077 1
1405 1
1446 1
1487 1
1856 1
1897 1
5956 1
1078 3
1447 1
1857 1
9606 1
1038 2
1079 2
1448 2
1489 1
73141 1
1039 1
1408 1
52846 1
15020 1
15431 1
29937 1
2540 1
2581 1
6681 1
19164 1
6231 1
2501 1
2133 1
2543 1
2584 1
2912 1
2954 1
6644 1
2996 1
2505 1
2915 1
36925 1
36187 1
2137 1
6606 1
36106 1
2138 1
6279 1
2549 1
26975 1
12061 1
3680 1
7740 1
3641 1
7372 1
3232 1
3273 1
3684 1
7333 1
12846 1
33922 1
3644 1
3685 1
7375 1
33513 1
12848 1
12029 1
3278 1
3606 1
3688 1
33188 1
3689 1
27212 1
48375 1
260 3
670 5
61663 1
220 3
261 2
630 3
671 1
4331 1
8841 1
13985 1
221 4
262 2
631 3
672 3
86062 1
222 6
263 4
632 4
673 3
4784 1
8433 1
8474 1
223 5
264 2
633 2
674 3
8065 1
8803 1
224 4
265 1
634 4
675 1
4376 1
13948 1
225 4
266 7
635 3
676 1
8887 1
13129 1
226 3
267 2
636 6
677 4
4337 1
4378 1
30188 1
28761 1
227 4
268 2
637 2
678 4
228 2
269 1
638 2
679 5
229 2
639 4
76036 1
10941 1
41685 1
1780 1
14673 1
1330 2
1371 1
1740 1
5061 1
1331 1
1372 1
1700 1
1741 1
1782 1
5062 1
9572 1
1373 1
1742 1
1333 2
1702 1
5433 1
10905 1
83473 1
1703 1
1785 1
5024 1
5844 1
9534 1
10988 1
1335 1
1376 1
5066 1
5435 1
10948 1
14269 1
1336 1
1377 1
1705 1
1746 1
1787 1
5477 1
9167 1
1378 1
1706 1
5068 1
21292 1
1338 1
1379 1
1748 1
1339 2
1749 1
5029 1
1709 1
2061 1
2430 1
2021 1
2062 1
2472 1
2841 1
2882 1
2801 1
2883 1
2474 1
2884 1
2065 1
2434 1
2844 1
2885 1
6903 1
6985 1
2066 1
2804 1
109872 1
2477 1
2846 1
6126 1
2027 1
2478 1
2888 1
6538 1
6579 1
2439 1
6909 1
70857 1
64961 1
7670 1
3531 1
12365 1
3532 1
3942 1
3533 1
7633 1
3165 1
3575 1
7266 1
12779 1
3987 1
3168 1
3128 1
3907 1
3129 1
3539 1
3949 1
190 6
17194 1
150 21
191 8
560 4
970 2
151 15
192 6
520 5
561 3
4262 1
8321 1
152 25
193 4
521 8
562 6
931 3
4222 1
153 17
194 5
522 10
563 3
973 1
154 13
195 5
523 4
564 3
933 3
974 1
13427 1
13878 1
268423 1
155 19
196 5
524 7
565 4
934 1
975 1
4225 1
4266 1
13469 1
156 16
197 7
525 5
566 5
935 2
24960 1
157 11
198 4
526 5
567 1
936 1
977 2
4637 1
158 13
199 2
527 7
568 3
159 9
528 5
569 3
938 3
979 2
76373 1
38608 1
529 4
939 2
10090 1
20455 1
10830 1
20088 1
1260 1
1670 1
9050 1
1220 3
1261 1
1671 1
9830 1
10013 1
10874 1
39371 1
1262 2
1631 1
1672 2
1222 1
1263 1
9012 1
9873 1
1264 1
5323 1
5733 1
14157 1
18216 1
108250 1
1224 2
1265 1
1634 1
1266 2
5735 1
9835 1
1226 1
1267 2
1636 1
1677 1
66718 1
1227 1
1268 1
1228 1
1269 1
5369 1
1229 1
1639 1
