21514 1
25246 1
6090 1
11193 1
2320 1
19313 1
2321 1
6462 1
11975 1
6053 1
6094 1
11115 1
2733 1
111146 1
15216 1
2365 1
6014 1
2325 1
2366 1
2735 1
2776 1
6097 1
2367 2
63718 1
2737 1
2778 1
6017 1
6468 1
6469 1
22286 1
43733 1
12662 1
64892 1
33370 1
3831 1
3872 1
3012 1
3053 1
3832 1
7932 1
16397 1
3423 1
3874 1
3014 1
3096 1
7975 1
7156 1
16769 1
3057 1
3467 1
7157 1
3427 1
7568 1
27851 1
7528 1
37438 1
3839 1
54459 1
17820 1
490 3
450 8
491 4
860 1
4192 1
13764 1
410 9
451 8
492 5
820 3
861 3
4562 1
8211 1
13396 1
411 10
452 10
493 4
821 3
862 1
4522 1
412 13
453 9
494 8
822 2
863 1
4113 1
413 8
454 6
495 5
823 2
864 2
4155 1
414 9
455 13
496 6
824 1
865 1
4197 1
8256 1
415 12
456 8
497 6
825 1
866 3
4116 1
4936 1
8298 1
416 7
457 9
498 3
826 1
867 1
4199 1
4978 1
34888 1
417 9
458 5
499 4
827 2
868 1
24483 1
418 10
459 7
828 1
869 2
4939 1
24853 1
419 10
103357 1
20345 1
1560 1
1970 1
1110 1
1520 1
1561 1
1930 1
5661 1
10313 1
1152 1
1193 1
1521 1
1112 1
1153 3
1194 1
1563 2
5253 1
9353 1
31842 1
1113 2
1154 1
1195 2
1974 1
5254 1
9395 1
9723 1
10398 1
35984 1
1114 1
1155 1
1524 1
1565 2
1934 1
1197 1
1525 1
1976 1
14459 1
1116 3
1157 1
1567 2
21071 1
1117 1
1199 2
1527 1
1568 1
1978 1
5668 1
1118 1
1159 1
1528 1
1569 2
5628 1
9729 1
29606 1
46623 1
11493 1
11084 1
2620 1
67784 1
2293 1
2621 1
42117 1
11046 1
2213 1
2255 1
11458 1
2625 1
2666 1
11828 1
2257 1
2298 1
6316 1
6398 1
2668 1
32988 1
2259 1
2629 1
32539 1
16693 1
26689 1
74369 1
3310 1
3311 1
7822 1
12597 1
3723 1
7864 1
7004 1
3356 1
3766 1
7046 1
7497 1
3398 1
3726 1
3358 1
37737 1
3318 1
3769 1
3729 1
50698 1
4490 1
17383 1
380 11
790 4
4450 1
4860 1
381 7
750 2
791 2
4820 1
8920 1
13285 1
382 10
751 5
792 2
4042 1
4411 1
4493 1
342 1
383 7
711 4
752 3
793 1
4863 1
8594 1
343 1
384 9
712 3
753 1
794 1
303 1
344 1
385 9
713 1
754 2
795 1
4004 1
4496 1
8965 1
304 1
345 1
386 9
714 4
755 1
796 2
4415 1
305 1
346 2
387 10
715 3
756 4
797 2
4826 1
8188 1
306 2
388 14
716 2
757 1
798 4
212778 1
348 9
389 8
717 3
758 4
4869 1
308 2
349 13
718 2
759 1
309 3
719 1
59139 1
20277 1
14341 1
1080 3
10242 1
1040 1
1491 1
28439 1
1000 1
1041 1
1082 3
1410 2
1451 1
5510 1
5551 1
10203 1
45498 1
20609 1
1001 1
1042 3
1083 2
1452 1
1493 1
5552 1
10245 1
10655 1
10696 1
1002 2
1043 3
1453 2
1494 1
5594 1
9284 1
9612 1
1003 1
1044 1
1085 2
1413 1
1495 1
1864 1
5144 1
1004 1
1045 1
1086 1
1455 1
1824 1
5104 1
5596 1
1087 1
1825 1
5187 1
1006 1
1047 1
1088 1
1416 1
1457 2
1867 1
1007 1
1048 1
1417 1
1458 1
1499 1
1827 1
5599 1
9658 1
29900 1
31778 1
1008 2
1049 1
1459 1
1828 1
1869 1
5518 1
35838 1
1009 1
1419 2
21374 1
31329 1
15890 1
29167 1
6280 1
19173 1
19132 1
19542 1
2181 1
2550 1
6240 1
6691 1
19994 1
2100 1
2141 1
2592 1
6610 1
2102 1
2512 1
2922 1
42008 1
32422 1
2185 1
2923 1
6613 1
2186 1
2555 1
2596 1
6655 1
2146 1
2556 1
26570 1
36156 1
2106 1
2147 2
2516 1
2557 1
2107 1
2599 1
2927 1
6289 1
2149 2
6618 1
2109 1
2519 1
43513 1
12852 1
3650 1
3691 1
7381 1
16994 1
3282 1
12034 1
112884 1
47698 1
43106 1
3242 1
7343 1
12897 1
12406 1
3245 1
7304 1
33934 1
3697 1
3616 1
33526 1
3617 1
3658 1
7759 1
81658 1
13991 1
270 2
680 3
4750 1
4791 1
8071 1
8850 1
230 2
271 1
640 2
681 1
231 3
272 2
600 2
641 3
682 4
232 2
601 1
642 2
683 3
4384 1
8033 1
8402 1
233 3
274 1
602 3
643 4
684 5
38723 1
234 2
275 2
603 1
644 2
685 4
4304 1
235 2
604 3
645 1
686 4
236 2
277 1
605 4
646 3
687 1
8488 1
17609 1
237 2
606 6
647 5
4758 1
8489 1
30568 1
238 1
279 3
607 5
648 5
689 2
4759 1
239 5
608 4
649 2
4719 1
55377 1
609 3
10170 1
28735 1
28777 1
1380 1
10911 1
24228 1
1340 1
1381 1
1791 1
5071 1
5440 1
1300 1
1341 1
1382 2
1710 1
1751 3
5482 1
1301 1
1342 2
1752 1
1793 1
5893 1
18745 1
1302 1
1343 1
1384 1
1753 1
5812 1
10587 1
83483 1
1303 2
1344 1
1713 1
1754 1
5075 1
14278 1
1304 1
1386 1
1714 1
1755 1
1346 1
1715 1
1797 1
10959 1
1306 1
1347 1
1388 2
1757 1
1798 1
5447 1
1307 1
1389 1
1717 2
21262 1
1308 1
1349 1
6170 1
11601 1
11642 1
21228 1
25738 1
2481 1
73869 1
2400 1
2892 1
2032 1
2442 1
2811 1
2812 1
2853 1
6502 1
2034 1
2075 1
2403 1
2895 1
2035 1
2405 1
2446 1
2487 1
2037 1
2488 1
2816 1
6178 1
70081 1
2038 2
2407 1
2448 1
2489 1
6548 1
84506 1
36089 1
70861 1
2818 1
22365 1
53809 1
3172 1
3132 1
3994 1
7643 1
12336 1
3503 1
3544 1
3995 1
3176 1
12707 1
3956 1
81996 1
3547 1
7237 1
3138 1
3179 1
3917 1
3999 1
37108 1
3919 1
13471 1
13021 1
17983 1
48604 1
160 8
570 6
980 1
4681 1
161 9
530 6
571 4
940 1
981 2
8700 1
162 15
531 4
572 2
900 2
941 1
982 1
4601 1
4642 1
17166 1
163 8
532 10
573 7
901 2
942 4
983 1
164 8
533 3
574 3
902 2
943 1
984 1
4644 1
165 9
534 6
575 3
903 1
944 1
985 1
13438 1
166 8
535 5
576 4
904 4
945 1
986 2
4236 1
4646 1
167 13
536 7
577 5
905 1
946 1
987 1
4278 1
4688 1
8706 1
168 5
537 7
578 2
947 2
4689 1
169 7
538 3
579 3
907 3
948 1
989 2
30869 1
539 4
908 2
949 3
909 4
24156 1
1270 1
76348 1
1230 1
1271 2
1681 1
5371 1
9471 1
1231 1
1272 1
5331 1
10065 1
1273 1
1601 1
5373 1
9022 1
35283 1
1233 1
1274 2
9433 1
9474 1
1234 2
1603 2
1644 1
1685 1
5703 1
5744 1
9024 1
1235 1
1604 1
5376 1
9804 1
1646 1
1687 1
1237 1
1278 1
1238 1
1279 2
1689 1
5379 2
1239 1
1608 1
5339 1
9808 1
25256 1
42683 1
11572 1
2370 1
2371 1
2373 1
2742 1
11166 1
2784 1
2375 1
2785 1
6844 1
6804 1
11538 1
2377 1
2746 1
19329 1
2337 1
2378 1
2706 1
6068 1
6478 1
26310 1
32616 1
2707 1
6028 1
6807 1
2749 1
26394 1
57878 1
16321 1
3060 1
12222 1
3881 1
7571 1
12633 1
7941 1
33300 1
3432 1
3883 1
16366 1
3064 1
3802 1
3065 1
7575 1
3476 1
7535 1
3067 1
3887 1
3028 1
27411 1
3849 1
201358 1
117082 1
13322 1
460 9
870 3
13774 1
34030 1
86260 1
420 12
461 10
871 1
4531 1
4572 1
4900 1
421 11
462 7
4163 1
422 7
463 8
832 2
873 1
4984 1
38994 1
423 10
464 4
833 2
874 3
4124 1
4534 1
4985 1
8224 1
38134 1
424 7
465 7
834 3
875 1
4945 1
425 7
466 10
876 1
13329 1
426 11
467 6
836 2
877 2
4578 1
427 7
468 8
878 1
8228 1
428 9
469 5
838 1
879 1
4129 1
4539 1
429 7
839 1
49222 1
24006 1
10772 1
1160 1
1570 1
1980 1
14094 1
72958 1
1161 1
1530 1
5220 1
1121 1
1162 1
1941 1
1982 1
10324 1
1122 1
1163 3
1532 1
1573 1
5673 1
1123 1
1574 1
1943 1
1984 1
1124 1
1575 1
1985 1
5675 1
14099 1
14837 1
62557 1
1125 1
1166 1
1535 1
1576 1
1904 1
1945 1
1126 1
1167 1
1577 1
9326 1
10739 1
1168 2
1578 1
1947 1
1988 2
35137 1
1128 1
1538 1
1579 1
1907 2
5269 1
1908 1
1949 3
5229 1
5639 1
1909 1
119690 1
6770 1
19664 1
2262 1
2672 1
84730 1
2223 1
6323 1
11098 1
2265 1
6324 1
15158 1
109293 1
2636 1
2677 1
36646 1
2227 1
2268 1
2269 1
2638 1
164780 1
12152 1
7091 1
99924 1
7831 1
3365 1
7096 1
3776 1
7015 1
27790 1
3326 1
3367 1
37747 1
7428 1
7469 1
13251 1
4090 1
44324 1
390 13
350 15
391 15
760 3
8192 1
8930 1
351 17
392 9
720 2
761 3
352 11
393 9
721 2
762 3
8153 1
8973 1
353 12
394 9
722 1
763 1
8564 1
313 1
354 14
395 9
723 2
764 3
4014 1
4834 1
314 1
355 9
396 12
724 3
765 3
4466 1
82834 1
315 2
356 11
397 10
725 4
766 2
4098 1
4836 1
24791 1
357 14
398 11
726 3
767 2
317 1
358 12
399 12
727 1
4059 1
4469 1
8159 1
359 8
728 2
769 2
319 3
729 4
10250 1
20697 1
14351 1
18000 1
28857 1
1090 1
10293 1
14762 1
1050 1
1010 1
1051 1
1420 1
1461 1
1830 1
1871 1
1011 1
1052 1
1093 3
1462 1
1831 1
5931 1
18004 1
1053 1
1094 2
1422 1
5563 1
5973 1
1013 1
1054 1
1095 1
1464 1
1833 1
1014 2
1055 1
1096 1
1424 1
1465 2
1875 1
5114 1
9255 1
1097 1
5525 1
66999 1
1016 1
1057 2
1098 1
1836 1
1877 1
1017 1
1058 1
1099 2
1427 1
5568 1
9258 1
1059 1
1428 3
1469 1
5528 1
31379 1
1019 1
1839 1
21716 1
2191 1
15863 1
2520 1
6251 1
11395 1
2111 2
2152 1
2562 1
2972 1
6211 1
2153 1
2194 1
2522 1
6253 1
6622 1
132462 1
2195 2
2114 2
6255 1
2115 1
2156 1
2935 1
2157 1
2567 1
6257 1
6298 1
6626 1
2568 1
2978 1
22031 1
2938 1
126121 1
351352 1
22857 1
7390 1
26959 1
3251 1
3620 1
7310 1
7721 1
3212 1
3253 1
3213 1
7764 1
12006 1
12417 1
12868 1
60506 1
3666 1
3257 1
7726 1
89825 1
7768 1
23174 1
106599 1
40195 1
280 2
690 2
240 2
281 2
650 2
691 2
4392 1
4761 1
8451 1
38320 1
200 5
241 5
610 3
651 3
692 2
4352 1
8001 1
201 3
242 2
283 2
611 2
652 2
693 3
202 3
243 2
284 1
612 3
653 2
694 2
203 4
244 4
285 1
613 4
654 4
695 5
8045 1
8496 1
204 3
245 1
286 1
614 2
655 1
696 1
4397 1
8866 1
30125 1
205 4
246 3
287 1
615 7
656 2
697 4
8826 1
206 6
247 3
288 1
616 4
657 3
698 2
4768 1
24600 1
207 4
248 3
617 2
658 2
699 3
4728 1
8869 1
208 5
249 1
618 2
659 4
4319 1
209 5
619 2
9180 1
1350 1
1391 1
1760 1
10184 1
1310 1
1392 1
1720 1
1761 1
18754 1
66474 1
1311 2
1393 1
1721 1
1762 1
1313 3
1354 1
1395 1
1764 1
9103 1
1355 2
1724 1
5004 1
5824 1
10927 1
18717 1
1315 1
1356 1
1397 1
1766 1
5046 1
5456 1
10559 1
1316 1
1357 1
1398 1
1726 1
9516 1
10519 1
1317 1
1399 1
1727 1
1768 1
5048 1
5499 1
1318 1
1359 1
1769 2
9928 1
29843 1
2491 1
2860 1
11653 1
15713 1
2001 1
2042 1
2083 1
2452 1
6511 1
6593 1
2044 1
2864 1
11206 1
32733 1
2004 1
2086 3
2414 1
2496 1
2824 1
2865 1
6555 1
11248 1
36424 1
2046 1
2866 1
2047 1
2088 1
6188 1
6598 1
6926 1
2007 2
2089 2
6517 1
47593 1
3180 2
3591 1
3960 1
3100 1
3551 1
3592 1
7200 1
12303 1
3511 1
3962 1
3103 1
3185 1
3554 1
3595 1
16037 1
7286 1
7614 1
7696 1
12758 1
3105 1
3556 1
7246 1
3557 1
60808 1
3148 1
50039 1
13893 1
170 9
580 3
990 1
17584 1
171 9
540 4
581 4
950 2
991 1
172 5
500 4
541 8
582 3
910 1
951 1
992 1
4242 1
173 11
501 7
542 3
583 4
911 1
952 2
993 2
8753 1
174 10
502 5
543 3
584 4
912 1
953 3
994 1
4203 1
4244 1
30464 1
61126 1
175 7
503 5
544 4
585 5
954 4
4286 1
8345 1
34975 1
176 6
504 5
545 4
586 3
914 1
996 1
4615 1
4697 1
177 4
505 6
546 6
587 6
915 1
956 2
8388 1
178 6
506 4
547 7
588 5
916 1
957 2
8799 1
179 9
507 7
548 6
589 4
958 1
999 2
508 7
549 5
918 2
4209 1
4619 1
509 7
919 2
51589 1
1280 1
9480 1
10073 1
10442 1
14583 1
14952 1
24948 1
1240 3
1650 1
5381 1
28229 1
1200 1
1610 1
5341 1
9441 1
9892 1
1201 1
1242 1
1283 2
5301 1
18604 1
1202 2
5753 1
1244 1
1285 1
1613 1
1654 2
1695 1
1204 1
1286 1
1655 1
5386 1
5796 1
10407 1
1205 1
1246 1
1697 1
5387 1
9077 1
10859 1
1247 2
1288 1
1616 2
9898 1
1207 1
1289 2
1658 1
1699 1
5307 1
5717 1
1208 1
1249 2
1618 1
9039 1
25673 1
1209 1
1619 1
29735 1
11952 1
2340 1
2381 1
2791 1
6892 1
2302 1
2753 1
6853 1
2754 1
2304 1
2386 1
2714 1
2755 1
6896 1
11917 1
36765 1
2305 1
2346 1
15608 1
2347 1
2348 1
2717 1
252041 1
2349 1
2759 1
6818 1
16370 1
78597 1
16331 1
22637 1
7581 1
47815 1
78108 1
3072 1
3810 1
7542 1
47489 1
3443 1
3853 1
3075 1
3813 1
7913 1
37044 1
3035 1
12238 1
3077 1
7546 1
7588 1
7957 1
27010 1
16709 1
3079 1
3817 1
44070 1
23732 1
7509 1
40750 1
106339 1
4170 1
4580 1
4990 1
13742 1
23369 1
470 4
880 2
8271 1
8681 1
430 8
471 7
840 2
881 1
8600 1
431 13
472 9
800 1
841 1
882 1
4542 1
432 6
473 6
801 2
842 2
883 1
4133 1
8233 1
433 8
474 7
843 2
884 2
4954 1
82174 1
82584 1
434 5
475 9
844 1
885 2
8276 1
435 7
476 6
804 1
845 2
886 1
8646 1
436 6
477 8
805 3
846 2
887 1
4178 1
4916 1
69629 1
437 10
478 3
806 3
847 1
216148 1
438 8
479 8
807 3
848 1
889 1
439 7
808 1
849 2
4919 1
128143 1
809 1
10371 1
1170 2
9780 1
14063 1
1130 2
1950 1
1500 1
1541 2
1582 2
1910 1
1951 1
41078 1
1132 1
1173 2
1501 1
1911 1
1993 1
5601 1
1133 1
1174 2
1502 1
1543 1
1584 1
1994 1
5684 1
1134 1
1503 1
1544 1
1913 1
9334 1
14847 1
1135 1
1504 1
1545 1
1586 1
1914 1
1996 1
5276 1
10379 1
66627 1
1177 2
1505 1
10749 1
52163 1
25150 1
1137 1
1178 1
1547 2
1916 1
10709 1
39616 1
1179 1
1548 1
21011 1
1139 1
1549 1
1959 1
5608 1
5649 1
1919 1
142901 1
2270 1
2271 2
2640 1
2231 1
2272 1
2642 1
98058 1
2684 1
53670 1
2234 1
2275 1
6334 1
2235 1
2605 1
11029 1
6788 1
2238 1
6379 1
2239 1
70242 1
36249 1
105128 1
22198 1
22157 1
3370 2
7880 1
16264 1
3783 1
3702 1
7433 1
3744 1
3335 1
3336 1
3377 1
3746 1
3707 1
3748 1
4880 1
360 16
770 2
8571 1
320 1
361 5
771 1
8531 1
321 1
362 10
731 2
772 3
4842 1
322 1
363 11
732 3
773 4
323 2
364 12
733 2
774 2
4024 1
4065 1
30203 1
324 2
365 14
734 3
775 3
4476 1
8986 1
17328 1
325 1
366 13
735 3
4805 1
367 13
736 2
777 1
4068 1
4847 1
327 2
368 9
737 2
778 2
38079 1
38489 1
328 2
369 13
738 2
779 4
4439 1
739 4
10262 1
10631 1
1060 1
1880 1
28049 1
24728 1
1020 2
1061 1
1062 2
1472 1
1800 1
1841 1
1882 1
5162 1
10265 1
1022 1
1063 1
1432 1
1842 2
5122 1
9632 1
1023 1
1064 2
1474 2
1802 1
1024 2
18099 1
1025 2
1066 2
1435 1
1476 1
5945 1
5986 1
10679 1
1067 1
1436 1
1477 1
1805 1
1887 2
29550 1
1027 1
1068 2
1437 1
1478 1
1806 1
1847 2
5127 1
25410 1
29961 1
1028 2
1069 1
5169 1
35407 1
1029 2
5908 1
1809 1
15421 1
2160 1
29149 1
2120 1
2530 1
2162 1
2900 1
19565 1
2122 1
2983 1
15056 1
19525 1
2533 2
2574 1
2534 1
2575 1
2944 1
6224 1
6265 1
2125 1
2126 1
2905 1
2168 1
2578 1
2988 1
6637 1
26920 1
32078 1
57255 1
2129 1
2908 1
16151 1
26106 1
12831 1
26148 1
3261 1
3671 1
3221 1
3631 1
3672 1
12098 1
16936 1
7324 1
64698 1
50521 1
3226 1
3268 1
3637 1
3228 1
3269 1
3679 1
150554 1
33918 1
13190 1
65790 1
290 1
4360 1
250 3
291 2
660 5
4361 1
8092 1
34681 1
210 2
251 2
292 1
620 3
661 1
8011 1
17624 1
211 6
252 2
293 3
621 4
662 3
8094 1
13115 1
212 6
253 1
622 5
663 3
213 4
254 2
623 3
664 4
4734 1
214 4
255 1
624 6
665 3
8466 1
215 6
256 2
297 1
625 4
666 3
8016 1
59863 1
216 3
257 3
298 2
626 4
667 4
4778 1
8837 1
217 2
258 2
299 1
627 4
668 2
218 4
259 1
628 3
669 1
4329 1
20512 1
219 3
629 7
41221 1
20105 1
281899 1
5460 1
5870 1
10194 1
1730 1
5010 1
5092 1
5420 1
1321 2
1362 1
1772 1
9193 1
9521 1
31682 1
1322 1
1363 1
1732 1
1364 1
1774 2
5013 1
1775 1
5055 1
56820 1
1325 2
1366 3
1776 1
5015 1
9976 1
39435 1
21280 1
1736 1
1777 2
5877 1
139015 1
29891 1
1327 1
1368 2
1778 2
29400 1
1738 1
5018 1
5838 1
9939 1
56048 1
15352 1
2420 1
2461 1
6151 1
6192 1
2052 1
2093 2
6972 1
2873 1
98699 1
2054 1
6113 1
2014 1
11299 1
2056 1
2097 1
6566 1
80424 1
19008 1
2426 1
2427 1
2468 2
2059 1
6159 1
6528 1
95240 1
3190 1
3150 1
3930 1
16495 1
3562 1
16865 1
3522 1
12725 1
3113 1
7254 1
3565 1
3975 1
3115 1
3525 1
3116 1
3157 1
3198 1
3567 1
3977 1
33026 1
7258 1
23484 1
23033 1
13041 1
23857 1
180 4
590 5
4250 2
4660 1
181 4
550 6
591 3
960 1
4620 1
13003 1
182 6
510 7
551 4
592 3
920 1
961 1
183 6
511 7
552 3
593 5
921 3
962 2
4294 1
69335 1
17925 1
184 4
512 4
553 2
594 5
922 1
4213 1
13006 1
185 9
513 5
554 2
595 3
923 2
4296 1
186 4
514 4
555 4
596 5
965 1
187 4
515 4
556 6
597 3
925 3
966 2
4216 1
188 7
516 5
557 7
598 3
926 3
967 1
4299 1
4627 1
189 5
517 4
558 7
599 5
927 2
968 1
149 134
518 7
559 5
928 2
969 2
49391 1
519 8
24545 1
24998 1
24507 1
1250 1
1291 2
18243 1
1251 1
1292 1
1620 1
1661 1
10454 1
14554 1
20819 1
1211 2
1293 1
1621 1
1662 1
1212 1
9863 1
10497 1
1213 2
1295 1
5395 1
5764 1
1214 1
1296 2
1665 1
1297 2
1666 2
9497 1
14149 1
52283 1
1216 2
1257 1
1626 1
1299 2
1668 1
9417 1
31127 1
1218 1
1259 1
5359 1
9828 1
1219 1
1629 1
21543 1
21134 1
15690 1
11141 1
21998 1
15285 1
2311 1
2352 1
6452 1
2312 1
2394 1
19715 1
2723 1
2764 1
57440 1
6004 1
6496 1
11558 1
2315 1
2356 1
6825 1
2398 1
2767 1
6416 1
6457 1
6867 1
32226 1
2317 1
2768 1
2729 1
22685 1
68530 1
43354 1
91853 1
3410 1
3001 1
3493 1
7552 1
3043 1
3084 1
3453 1
3822 1
7185 1
225009 1
3865 1
7105 1
7597 1
7557 1
7968 1
3049 1
3009 1
3419 1
13381 1
17891 1
23746 1
17483 1
480 5
890 4
4140 1
8691 1
171417 1
440 10
481 6
850 2
891 4
4182 1
4551 1
4592 1
4961 1
8282 1
113702 1
400 10
441 11
482 8
810 3
892 1
4511 1
4593 1
401 11
442 4
483 10
811 2
852 2
893 1
4512 1
402 12
443 9
484 4
812 2
853 1
894 3
4144 1
169666 1
403 9
444 9
485 9
813 2
854 3
895 3
4104 1
4924 1
404 8
445 6
486 5
814 3
896 2
405 11
446 5
487 2
815 3
856 3
4188 1
8657 1
182996 1
406 12
447 7
488 7
816 2
857 1
898 1
407 9
448 11
489 6
817 2
858 1
899 1
4108 1
28163 1
408 10
449 5
818 3
859 3
409 12
819 2
45592 1
55506 1
18910 1
1590 1
9380 1
1140 1
1181 1
1550 2
1960 1
5691 1
1592 1
10344 1
66223 1
1101 2
1142 1
1183 1
1511 1
1552 1
1593 2
1962 1
14404 1
118575 1
1102 2
1143 2
1184 1
1512 1
1553 1
1922 1
1144 2
1185 1
1513 1
9344 1
18178 1
1104 1
1145 1
1514 1
1555 1
5245 1
31424 1
1105 1
1925 1
1966 2
5287 1
1106 1
1147 2
1188 1
1516 1
1557 1
5247 1
5288 1
9306 1
1189 1
1517 1
1558 1
1599 1
5617 1
9717 1
9758 1
25941 1
1108 2
1149 1
5618 1
177710 1
1109 1
1929 1
21474 1
21884 1
25986 1
2280 1
42555 1
2650 1
6791 1
2241 1
2282 1
11485 1
2202 1
2284 1
2612 1
2613 1
6713 1
2204 1
2655 1
6345 1
11899 1
15138 1
2246 1
2615 1
22980 1
2698 1
6306 1
6388 1
2289 1
26262 1
2208 2
2249 1
2659 1
6309 1
91331 1
12581 1
12541 1
64361 1
57709 1
3380 1
7030 1
26639 1
3342 1
3752 1
7073 1
16646 1
3754 1
7485 1
3304 1
3346 1
3387 1
7815 1
7488 1
12509 1
3348 1
75492 1
3718 1
3759 1
54787 1
96982 1
65010 1
71357 1
8990 1
27328 1
370 9
780 3
8171 1
8581 1
371 12
740 2
781 2
4031 1
4072 1
4441 1
4851 1
331 2
372 7
700 4
741 4
782 3
13686 1
332 1
373 7
701 2
742 1
783 2
4074 1
4443 1
13236 1
333 1
374 8
702 3
743 2
784 4
4034 1
4485 1
4854 1
4895 1
334 1
375 14
703 1
744 1
785 2
4486 1
335 2
376 9
704 2
745 2
786 3
4077 1
4405 1
4856 1
8505 1
69938 1
336 1
377 11
705 3
746 3
4898 1
337 1
378 8
706 2
747 5
788 1
4038 1
4407 1
4817 1
379 8
707 3
748 1
789 2
8508 1
339 1
708 1
749 1
709 2
227992 1
1070 3
1480 1
1030 1
1481 1
1850 1
1891 1
5130 1
10684 1
1031 1
1072 1
1400 1
1441 1
1482 1
1851 1
5582 1
139950 1
35082 1
1032 1
1073 1
1401 1
1442 1
1483 1
1852 1
1033 1
1074 1
1812 1
1853 1
5994 1
9274 1
1444 1
9234 1
1035 3
1076 1
1404 2
1445 1
1486 1
1896 1
5135 1
5176 1
18889 1
18438 1
1036 1
1446 1
1487 1
1856 2
1897 1
5546 1
21360 1
1037 2
1078 1
1406 2
1447 1
1898 1
14709 1
1079 1
1407 1
1448 2
1489 1
1858 2
9689 1
1449 1
1859 1
1409 1
108887 1
46952 1
11741 1
2580 1
25838 1
2540 1
11333 1
2131 1
2541 1
2582 1
15024 1
46506 1
2173 1
2542 1
6232 1
15435 1
32862 1
2543 1
2584 1
2912 1
2953 1
6685 1
2504 1
2505 1
6646 1
2137 1
2178 1
2589 1
6607 1
32009 1
7370 1
33183 1
3684 1
7333 1
7375 1
16578 1
3277 1
37205 1
3648 1
7379 1
75300 1
27212 1
127693 1
3609 1
4370 1
260 1
670 4
220 5
261 1
630 2
671 2
13985 1
221 4
262 1
631 2
672 3
48379 1
61665 1
222 2
263 1
632 5
673 1
8843 1
223 3
264 2
633 6
674 1
4334 1
8434 1
13537 1
17227 1
224 4
265 2
634 3
675 1
225 4
266 3
635 2
676 2
4377 1
226 2
267 2
636 4
677 1
227 5
268 5
637 2
678 1
8889 1
228 4
269 2
638 4
679 4
4708 1
49470 1
229 3
639 2
34209 1
10160 1
49022 1
18321 1
1370 1
9570 1
5061 1
10943 1
1331 1
1700 1
1741 1
14675 1
1332 1
1373 1
1333 1
1374 1
1702 1
1743 1
1784 1
5433 1
5474 1
9574 1
10126 1
41608 1
1703 1
1744 1
5885 1
1335 1
1376 2
1704 1
10907 1
18369 1
35304 1
1705 1
1746 1
1787 2
5026 1
5067 1
5436 1
10539 1
1337 1
31288 1
1338 1
1379 1
9538 1
1339 2
1749 1
2470 1
2061 2
2840 1
6120 1
63453 1
2882 1
2022 1
2432 1
2473 1
2842 1
6163 1
2064 1
2802 1
11267 1
2065 1
2475 1
2885 1
6124 1
297336 1
2025 1
2066 1
2886 1
15738 1
2026 1
2805 1
2846 1
6577 1
2437 1
2847 1
2888 1
6127 1
2069 1
2479 1
6989 1
2849 1
74911 1
22768 1
3570 1
12363 1
3120 1
3571 1
3940 1
3532 1
3983 1
7632 1
3943 1
3984 1
7674 1
43029 1
3534 1
64188 1
3167 1
37997 1
3537 1
27100 1
3128 1
3169 1
3907 1
27144 1
58627 1
40021 1
144111 1
17110 1
190 6
4670 1
150 57
191 9
560 5
970 2
151 34
192 6
520 5
561 5
930 2
971 1
4262 1
4631 1
152 21
193 3
521 4
562 3
931 1
972 2
4632 1
153 15
194 7
522 5
563 3
932 1
973 2
4633 1
13836 1
154 18
195 4
523 4
564 5
933 2
974 1
8365 1
30403 1
155 13
196 5
524 8
565 4
934 1
975 1
156 12
197 6
525 7
566 2
935 4
8326 1
157 14
198 4
526 6
567 6
977 1
158 13
199 3
527 4
568 4
937 1
4228 2
4269 1
34999 1
268427 1
159 8
528 6
569 1
938 1
979 1
4639 1
8329 1
529 5
939 1
120484 1
1260 1
1670 1
20459 1
1220 3
1630 2
1671 1
10095 1
14195 1
1221 1
1672 2
5321 1
9052 1
14975 1
1222 2
1263 1
5773 1
10425 1
10466 1
1264 2
1674 1
5733 1
9013 1
1224 1
1265 1
1634 1
9096 1
10017 1
10878 1
39703 1
1225 1
1266 1
1635 1
1676 1
1267 2
1636 2
5326 1
9877 1
10839 1
56394 1
1227 1
1268 2
5737 1
108664 1
1228 1
1269 1
1679 1
31548 1
9839 1
52625 1
