73374 1
11561 1
2360 1
2732 1
2324 1
2365 1
2776 1
6015 1
2327 1
2368 1
3050 1
3422 1
3013 1
3054 1
3095 1
12257 1
3465 1
3016 1
3098 1
27811 1
3838 1
7119 1
7939 1
54046 1
490 31
8250 1
4970 1
450 41
491 23
860 4
4192 1
410 56
451 35
492 33
820 4
861 3
411 56
452 32
493 21
821 5
862 1
17087 1
412 57
453 39
494 30
822 2
863 7
413 57
454 44
495 27
823 6
864 3
414 66
455 36
496 24
824 5
865 4
4156 1
415 50
456 39
497 28
825 4
866 4
8216 1
416 57
457 38
498 25
826 4
867 3
4199 1
417 51
458 37
499 27
827 2
868 3
4118 1
418 56
459 33
828 7
869 6
419 58
829 3
1190 1
1150 4
1191 2
1560 1
1970 1
9391 1
1110 1
1192 1
1561 1
1111 1
1152 3
1193 2
1521 2
1562 1
5662 1
1112 1
1153 3
1194 2
1522 2
1973 1
1113 2
1154 1
1195 2
1564 1
5295 1
1114 3
1155 3
1524 1
1975 1
9765 1
1115 2
1197 2
1525 1
1566 1
1935 1
1116 2
1157 3
1526 1
1936 1
1977 1
1117 2
1158 1
1199 2
1568 1
1118 3
1159 2
5218 1
1119 2
2210 1
2292 1
2293 1
2621 1
2663 1
2254 1
2625 1
2258 1
2299 1
2669 1
3392 1
7821 1
3721 1
7452 1
3312 1
7084 1
3723 1
7416 1
3728 1
27375 1
380 72
790 3
4450 1
340 130
381 77
750 10
791 5
300 4
341 126
382 72
710 6
751 7
792 1
4042 1
4001 1
301 4
342 122
383 71
711 6
752 5
793 7
4863 1
302 3
343 126
384 64
712 7
753 8
794 5
303 3
344 112
385 68
713 5
754 6
795 2
4455 1
304 3
345 101
386 78
714 12
755 7
796 5
305 6
346 107
387 67
715 5
756 5
797 6
306 2
347 113
388 63
716 7
757 6
798 5
4007 1
307 2
348 112
389 68
717 10
758 7
799 4
8149 1
308 3
349 114
718 8
759 6
309 3
719 5
1080 2
1490 1
1040 3
1000 2
1041 3
1082 3
1410 2
1492 1
1001 3
1042 3
1083 1
1452 1
1821 1
5142 1
1002 2
1043 3
1084 1
1412 1
1494 1
1863 1
10205 1
1003 1
1044 2
1085 3
1413 2
1454 3
1823 2
1004 3
1045 2
1086 1
1414 2
1865 1
9614 1
1005 3
1046 3
1415 1
1456 1
1497 1
1825 1
5925 1
1006 1
1047 2
1088 3
1416 2
1457 1
1498 2
1867 1
5557 1
1007 1
1048 2
1089 3
1417 2
1827 1
1868 1
1008 4
1049 2
1459 1
1828 2
1869 1
1009 1
1419 1
1829 1
230897 1
2591 1
19584 1
2100 1
2510 1
2920 1
2183 1
2552 1
2962 1
2102 1
2143 1
2512 1
2103 1
2923 1
2104 1
2186 1
2596 1
2924 1
2146 1
2187 1
11308 1
2557 1
2926 1
2107 1
2148 1
2599 1
2109 1
126936 1
12893 1
3651 1
3242 1
3693 1
3203 1
7387 1
3288 1
3247 1
3207 1
3619 1
8070 1
270 2
680 15
230 4
271 2
640 11
681 8
8482 1
4300 1
231 4
272 7
600 13
641 10
682 8
232 2
273 2
601 17
642 18
683 6
4343 1
233 6
274 4
602 13
643 12
684 13
234 6
275 5
603 16
644 10
685 7
235 5
276 3
604 13
645 12
686 10
236 3
277 2
605 14
646 11
687 7
237 3
278 4
606 14
647 7
688 6
4389 1
4758 1
4717 1
238 6
279 8
607 11
648 12
689 8
239 5
608 17
649 10
24633 1
609 14
1380 1
1340 1
1381 1
1341 2
1382 1
1710 1
1301 2
1383 1
1793 1
9952 1
1343 2
1303 3
1344 1
1385 2
1713 1
1754 1
1304 2
1386 1
1714 1
9914 1
5855 1
1346 1
1797 1
1306 1
1347 1
1388 1
1307 1
1389 1
1799 1
5079 1
1759 1
46480 1
1309 3
1719 1
2890 1
2031 1
2851 1
6951 1
15375 1
6910 1
11275 1
2074 1
2444 1
11647 1
2814 1
36496 1
2036 1
2446 1
6177 1
2406 1
2038 1
2489 2
2039 1
2409 1
6509 1
3172 1
7600 1
3132 1
3135 1
3914 1
3136 1
3588 1
160 10
570 16
980 4
161 12
530 21
571 20
940 2
4231 1
162 3
531 24
572 20
900 2
941 1
982 1
4683 1
163 8
532 19
573 13
901 1
942 1
983 4
40818 1
164 12
533 20
574 21
902 8
943 1
984 4
4234 1
165 15
534 19
575 14
903 5
944 5
985 1
166 10
535 21
576 15
904 3
945 5
986 4
17949 1
51163 1
167 18
536 25
577 21
905 2
946 6
987 2
28661 1
168 12
537 22
578 19
906 4
947 4
988 1
169 8
538 17
579 11
907 3
948 2
989 2
8708 1
129 54
539 19
908 3
949 3
20054 1
909 5
1270 2
1680 2
1230 1
1271 2
1640 1
1681 2
1231 1
1600 1
1682 1
5372 1
1232 2
1273 3
1601 1
10025 1
9473 1
1233 2
1274 1
1643 2
1275 2
1685 1
1235 1
1276 2
1604 1
5786 1
1605 1
1237 2
1278 2
1647 1
1238 2
1279 1
25252 1
1239 1
1649 1
1609 1
2370 1
2780 1
2700 1
2741 1
2374 1
2334 1
2744 2
2376 1
2745 1
2336 1
36715 1
2706 2
2338 1
2748 1
3060 1
3430 1
3802 1
3024 1
3435 1
3478 1
7947 1
460 35
870 7
420 57
461 41
830 2
871 2
421 57
462 37
831 3
872 1
4983 1
422 52
463 38
832 5
873 4
4533 1
423 54
464 37
833 7
874 5
424 45
465 32
834 8
875 4
425 61
466 36
835 6
876 5
4987 1
426 49
467 33
836 5
877 2
427 50
468 34
837 3
878 3
4579 1
428 53
469 32
838 6
879 3
4539 1
30308 1
429 55
839 5
1160 1
1161 2
1530 1
1121 2
1162 3
1531 1
1900 1
1941 2
1982 1
9362 1
1122 2
1163 2
1573 1
1983 1
1123 2
1164 2
1533 1
1574 1
5223 1
1124 2
1165 1
1575 1
1903 1
1944 1
1125 2
1576 1
1945 1
1167 1
1905 1
1987 1
5636 1
1127 1
1168 3
1537 1
1578 1
1128 4
1169 2
1538 1
1907 1
1948 1
1129 2
1908 2
1909 1
25969 1
2262 1
2222 1
2263 1
2265 1
32175 1
11468 1
2225 1
2635 1
6735 1
6367 1
2268 1
2679 1
78068 1
3770 1
3775 1
3734 1
3326 1
7428 1
3739 1
4090 1
390 71
350 111
391 80
760 7
8561 1
310 4
351 116
392 78
720 9
761 6
311 5
352 95
393 74
721 7
762 7
4873 1
312 3
353 108
394 63
722 8
763 5
313 3
354 110
395 57
723 7
764 5
4055 1
314 5
355 106
396 62
724 11
765 6
315 5
356 101
397 69
725 10
766 6
8936 1
316 3
357 96
398 77
726 9
767 4
317 4
358 83
399 57
727 5
768 9
4018 1
8979 1
318 4
359 103
728 8
769 6
8119 1
319 3
729 6
1090 1
1050 2
1091 1
1460 1
1870 1
1010 2
1051 2
1092 2
1420 1
1461 1
1830 1
1011 2
1093 5
1462 1
1872 1
1012 2
1053 2
1094 3
1422 1
1463 1
1832 1
1013 3
1054 2
1095 1
1874 1
1014 2
1055 1
1096 2
1424 1
1465 1
1015 2
1056 2
1097 2
1425 1
1466 1
1016 1
1057 2
1098 2
1467 1
1017 3
1058 2
1099 2
1427 1
1837 1
1878 1
1018 4
1059 3
1838 1
1019 2
15040 1
2192 1
2520 1
2930 1
2152 1
11724 1
2113 2
2155 1
2196 1
2524 1
2565 1
6666 1
2157 1
2198 1
2158 1
2199 1
2527 1
2978 1
2159 1
3293 1
3621 1
3296 1
3255 1
75770 1
280 3
690 10
240 2
281 9
650 11
691 9
4310 1
200 9
241 3
282 1
610 10
651 8
692 9
13596 1
201 3
242 3
283 4
611 17
652 15
693 9
13966 1
8453 1
4353 1
202 4
243 5
284 6
612 14
653 7
694 11
148308 1
203 7
244 3
285 1
613 19
654 12
695 5
204 6
245 4
286 3
614 15
655 9
696 13
205 4
246 6
287 4
615 10
656 9
697 3
206 8
247 1
288 3
616 8
657 8
698 7
207 4
248 7
289 5
617 13
658 9
699 9
4769 1
208 6
249 3
618 11
659 10
209 9
619 13
10182 1
1350 2
1760 1
1310 1
1392 1
5451 1
1311 2
1352 1
1762 1
1312 1
1353 1
1394 1
1722 1
1313 1
1354 2
1723 1
1764 1
9554 1
9513 1
1314 1
1765 1
1315 2
1356 3
1397 1
1766 1
10518 1
1316 1
1357 2
1398 1
1767 1
9106 1
1358 1
1399 2
1727 1
1728 1
1319 3
1729 1
2080 1
2081 1
2492 1
2861 1
11244 1
2083 2
2002 1
2003 1
2495 1
2086 1
2455 1
2825 1
6556 1
2047 1
2457 1
6147 1
2007 1
6189 1
2008 1
2418 1
12382 1
7281 1
16077 1
3185 1
3146 1
3187 1
3966 1
3188 1
3557 1
3516 1
33016 1
3926 1
3599 1
7659 1
44144 1
170 11
580 18
990 3
130 35
171 9
540 21
581 15
950 3
991 4
131 38
172 8
500 26
541 21
582 16
910 5
951 3
992 3
132 26
173 9
501 23
542 15
583 19
911 2
952 3
993 4
133 27
174 7
502 28
543 16
584 15
912 2
953 4
994 3
134 36
175 7
503 26
544 16
585 25
913 6
954 2
995 2
4245 1
135 20
176 8
504 35
545 22
586 15
914 4
955 3
996 6
8797 1
136 23
177 4
505 24
546 16
587 18
915 3
956 3
997 2
13819 1
4657 1
137 30
178 7
506 23
547 24
588 14
916 6
957 3
998 2
138 17
179 7
507 20
548 19
589 19
917 3
999 2
139 15
508 28
549 19
918 4
959 4
4619 1
509 27
919 3
59749 1
10400 1
1280 1
1240 1
1281 1
1650 1
10853 1
1200 1
1241 1
1282 1
1692 2
20809 1
14503 1
1201 1
1283 1
1611 2
1243 1
1284 2
1653 1
1203 2
1285 1
1654 1
1695 1
1204 2
1245 3
1286 1
1655 1
5304 1
1205 1
1246 2
1287 1
1656 3
1206 1
1247 1
1288 1
1616 2
1698 1
1207 2
1248 1
1289 1
1658 1
1208 1
1249 2
1618 1
11991 1
2381 1
2750 1
2301 1
2793 1
2712 1
6075 1
11179 1
2305 1
2715 1
6446 1
2348 1
6818 1
2719 1
47034 1
3892 1
3032 1
7542 1
3442 1
12236 1
3076 1
3404 1
3036 1
3078 1
3488 1
3447 1
3039 1
13372 1
470 29
880 3
4950 1
430 46
471 40
840 3
881 3
34000 1
431 54
472 33
800 5
841 4
882 3
4132 1
432 51
473 37
801 3
842 3
883 1
433 46
474 21
802 3
843 7
884 3
4954 1
4913 1
434 47
475 29
803 4
844 5
885 3
4176 1
4586 1
435 47
476 34
804 6
845 3
886 3
436 38
477 34
805 8
846 4
887 3
437 42
478 40
806 5
847 4
888 3
438 48
479 34
807 5
848 5
889 5
439 51
808 6
849 5
809 5
1170 3
1580 1
1130 2
1171 2
1581 1
1950 1
1991 1
14023 1
10743 1
1131 1
1172 2
1500 2
1541 1
1582 1
1992 1
1132 1
1173 1
1501 1
1911 1
5232 1
1133 1
1174 2
1953 1
1134 3
1175 2
1503 1
1544 1
1954 2
18578 1
1135 1
1176 1
1504 1
1545 1
1586 1
1914 1
1955 1
1996 1
9786 1
1136 3
1177 1
1546 1
1178 2
1547 1
1588 1
1998 1
9337 1
5278 1
1138 1
1179 1
1507 2
1548 1
1589 1
1139 2
5239 1
1509 1
1919 1
9709 1
2272 1
2232 1
6783 1
2643 1
2276 1
2686 1
2278 1
2607 1
2648 1
2239 1
157315 1
12572 1
22199 1
178437 1
3371 1
3330 1
3783 1
3742 1
7023 1
7884 1
3787 1
3746 1
3705 1
13221 1
4470 1
360 87
770 4
320 4
361 82
730 7
771 4
8572 1
321 4
362 96
731 8
772 5
322 1
363 93
732 5
773 6
323 3
364 87
733 5
774 3
4844 1
324 3
365 93
734 8
775 7
4025 1
13269 1
325 2
366 84
735 7
776 8
34797 1
326 4
367 70
736 10
777 7
327 3
368 85
737 9
778 4
328 135
369 95
738 4
779 5
182878 1
329 135
739 10
1060 1
1470 1
1020 3
1061 2
1430 3
1021 3
1062 1
1431 1
1800 1
1841 1
1882 1
5941 1
1022 1
1063 2
1432 1
1883 1
1023 2
1064 1
1433 1
1843 1
9223 1
1024 4
1065 2
1434 1
1803 1
5985 1
1025 4
1435 1
1476 1
1804 1
1886 1
1026 2
1067 1
1846 1
5126 1
1027 1
1068 2
1478 1
1806 1
1028 2
1069 3
1438 3
1479 1
1849 1
29924 1
2570 1
2120 1
2940 1
2981 1
2533 1
2574 1
2124 1
2165 1
2536 1
2128 1
2169 1
2908 1
3261 1
3223 1
3636 1
3679 1
150514 1
290 7
13522 1
250 6
291 1
660 3
65302 1
210 6
251 3
292 3
620 13
661 7
8421 1
4362 1
211 3
252 7
293 6
621 12
662 9
212 6
253 5
294 2
622 10
663 5
213 6
254 8
295 3
623 12
664 9
214 4
255 3
296 5
624 10
665 13
215 7
256 4
297 1
625 12
666 10
82776 1
13939 1
216 3
257 101
298 3
626 13
667 8
24200 1
4737 1
217 3
258 3
299 3
627 13
668 14
218 6
259 3
628 10
669 6
219 7
629 12
14662 1
1360 1
1770 1
1361 2
1771 1
5420 1
1321 3
1362 1
1363 2
1323 1
1733 1
1774 1
5054 1
1324 2
1365 1
1775 1
1325 1
1776 1
5097 1
1326 1
1367 2
1327 2
1368 2
5017 1
1328 1
1779 1
9118 1
9979 1
5879 1
1329 3
1739 1
29037 1
2090 1
2461 1
84560 1
2011 1
2052 1
2463 1
2873 1
88293 1
2096 1
2465 1
6975 1
2056 1
2425 1
2057 1
2098 1
2427 1
6117 1
26810 1
2019 2
7292 1
16044 1
3111 1
7211 1
3115 1
3197 1
3936 1
3567 1
3159 1
7219 1
50457 1
180 11
590 15
4250 1
140 28
181 7
550 14
591 14
960 2
141 13
182 11
510 24
551 14
592 19
920 3
961 3
142 18
183 4
511 28
552 20
593 20
921 3
962 3
143 22
184 9
512 34
553 18
594 8
922 4
963 1
144 12
185 17
513 25
554 14
595 12
923 2
964 3
4296 1
145 12
186 8
514 23
555 14
596 15
924 3
965 4
146 33
187 8
515 22
556 17
597 12
925 2
966 3
8767 1
147 10
188 14
516 29
557 15
598 9
926 1
967 2
4258 1
34988 1
148 13
189 4
517 25
558 16
599 17
927 3
968 4
149 21
518 26
559 19
928 3
969 2
4629 1
519 23
929 1
1290 2
1291 1
1251 1
1292 1
1211 1
1252 1
1293 1
1662 1
1212 2
1253 1
1294 1
1622 1
9084 1
1213 2
1254 1
1295 3
1664 1
5723 1
1214 3
1255 1
1624 1
1665 1
1215 2
1297 1
1216 1
1257 1
1298 3
1626 1
14929 1
1217 1
1258 2
1627 2
1668 1
1218 2
1669 1
2720 1
6861 1
2311 1
2352 1
2393 1
2314 1
2724 1
2765 1
2315 1
2316 1
2399 1
2768 1
22644 1
7180 1
3490 1
16712 1
3082 1
3492 1
7920 1
3411 1
3084 1
3456 1
3415 1
3869 1
3009 1
480 39
890 8
4181 1
48966 1
440 48
481 21
850 4
891 4
4100 1
400 59
441 55
482 31
810 4
851 4
892 3
401 59
442 49
483 38
811 3
852 3
893 4
4553 1
402 60
443 52
484 34
812 4
853 6
894 3
8654 1
403 55
444 44
485 34
813 3
854 3
895 1
8204 1
17817 1
404 60
445 41
486 31
814 3
855 4
896 3
405 65
446 38
487 34
815 6
856 3
897 4
4147 1
4188 1
406 48
447 49
488 35
816 3
857 7
898 1
407 70
448 43
489 38
817 3
858 3
899 3
408 66
449 36
818 2
859 3
4109 1
409 58
819 3
1180 3
24479 1
1960 1
5281 1
5650 1
1141 2
1101 2
1142 3
1183 2
1552 1
1593 1
1102 2
1143 1
1512 1
1553 1
118535 1
1103 1
1144 1
1185 2
1513 1
1595 1
1964 1
1104 2
1145 1
1186 2
1555 1
1105 2
1146 1
1187 1
1556 1
1597 1
1925 1
1106 2
1147 1
1188 3
1598 1
1107 2
1148 2
1189 2
1517 2
1968 1
1108 1
1149 1
1518 1
1559 1
1928 1
1109 3
2690 1
2281 1
2200 1
2241 1
2284 1
2613 1
6795 1
2204 1
2286 1
2696 1
6714 1
2656 1
11409 1
2248 1
2289 1
6348 1
2209 1
22533 1
12170 1
12500 1
12174 1
3343 1
37722 1
7487 1
3718 1
370 83
780 6
4071 1
330 136
371 95
740 7
781 9
331 133
372 89
700 7
741 5
782 8
332 130
373 83
701 8
742 9
783 6
333 136
374 83
702 7
743 5
784 6
4813 1
4485 1
334 137
375 81
703 3
744 6
785 4
4896 1
335 133
376 86
704 14
745 5
786 3
4405 1
8177 1
336 126
377 77
705 8
746 4
787 6
4078 1
337 111
378 85
706 9
747 6
788 5
338 133
379 70
707 6
748 7
789 4
4039 1
339 136
708 6
749 9
709 5
1070 1
1030 3
1071 2
1440 1
1031 3
1072 1
1441 1
1482 1
1810 1
1851 1
1892 1
10603 1
5910 1
1032 1
1073 2
1401 2
1442 1
5952 1
1033 1
1074 2
1402 2
1484 1
1853 1
1894 1
1034 1
1075 1
1403 1
1444 1
1485 1
1854 1
1035 1
1404 2
1814 1
1036 2
1077 3
1405 1
1487 1
1815 1
1897 1
1037 2
1078 3
1406 1
1447 1
1488 1
1816 1
9278 1
25092 1
1038 3
1079 3
1407 2
1448 2
1858 1
1899 2
1039 2
1449 1
5509 1
2581 1
2950 1
2991 1
2131 1
2541 1
19903 1
6231 1
2501 1
2174 1
2502 1
2543 1
2134 1
2954 1
2914 1
2177 1
2137 1
2506 1
2916 1
22093 1
12881 1
116974 1
16903 1
37612 1
3602 1
7703 1
7335 1
7745 1
3277 1
3648 1
4780 1
260 6
670 9
220 3
261 6
630 13
671 11
4700 1
221 7
262 3
631 10
672 3
222 2
263 4
632 12
673 6
223 7
264 2
633 10
674 9
224 5
634 8
675 6
4335 1
225 3
266 7
635 14
676 11
226 3
267 3
636 6
677 10
227 4
268 12
637 15
678 6
228 4
269 6
638 11
679 11
229 3
639 11
66861 1
1370 1
1330 2
1371 2
1740 1
1781 1
1372 1
1741 1
10124 1
1332 1
1373 1
1701 2
1742 1
1783 2
1374 1
1702 1
5023 1
5433 1
1334 1
1703 1
1335 1
1376 1
5066 1
1705 1
1746 1
1787 1
1337 1
1378 1
5806 1
1338 2
1379 1
1748 1
39489 1
1339 1
1709 1
11261 1
2840 1
2062 2
2800 1
2022 1
2063 1
6901 1
2064 1
2433 1
6123 1
6533 1
2885 1
19468 1
2025 1
2067 1
2805 1
2478 1
6127 1
2069 1
2848 1
7672 1
3941 1
3573 1
3532 1
12327 1
7635 1
3535 1
3167 1
3987 1
23456 1
190 8
4670 1
150 10
191 13
560 17
970 3
151 11
192 6
520 24
561 17
930 6
971 3
4221 1
152 23
193 6
521 25
562 14
931 3
972 2
153 7
194 17
522 23
563 21
932 2
973 3
154 14
195 6
523 23
564 15
933 5
974 4
155 20
196 5
524 29
565 18
934 2
975 2
156 11
197 9
525 23
566 15
935 4
976 4
157 14
198 8
526 22
567 19
936 2
977 1
158 19
199 6
527 25
568 19
937 1
978 1
159 11
528 17
569 15
938 3
979 1
529 30
939 5
1260 3
1670 1
5770 1
1220 1
1261 2
1630 1
1671 1
1262 2
1672 1
1222 2
1263 2
18666 1
1223 2
1264 1
1633 1
1224 1
1265 1
1225 2
1266 3
1635 2
1676 1
5325 1
1226 2
1267 1
1636 1
1677 1
9098 1
1227 2
1268 1
1228 2
1269 2
1229 1
