----------------------------------------------------------------------------------------------------------------------------------------------------------------------------------------
  Bin Id                         Marker lineage            # genomes   # markers   # marker sets    0     1     2    3    4   5+   Completeness   Contamination   Strain heterogeneity  
----------------------------------------------------------------------------------------------------------------------------------------------------------------------------------------
  3715.job1.output.16             root (UID1)                 5656         56            24         0     0     56   0    0   0       100.00          100.00             89.29          
  3715.job1.output.6       o__Bacteroidales (UID2617)         213         406           265         2    399    5    0    0   0       99.43            0.11              100.00         
  3715.job1.output.17      o__Bacteroidales (UID2621)         198         427           260         2    423    2    0    0   0       99.42            0.51               0.00          
  3715.job1.output.10      o__Clostridiales (UID1226)         155         278           158         1    274    3    0    0   0       99.37            1.58               0.00          
  3715.job1.output.8       o__Bacteroidales (UID2617)         213         406           265         5    400    1    0    0   0       98.30            0.38              100.00         
  3715.job1.output.19      p__Bacteroidetes (UID2605)         350         314           208         34   269    11   0    0   0       98.16            0.75              72.73          
  3715.job1.output.36      o__Clostridiales (UID1226)         155         278           158         4    267    7    0    0   0       97.78            3.01               0.00          
  3715.job1.output.14    f__Mycoplasmataceae (UID2414)         89         228           130         6    107   112   2    1   0       97.05           67.44              49.19          
  3715.job1.output.2         k__Bacteria (UID2982)             88         229           147         7    222    0    0    0   0       95.92            0.00               0.00          
  3715.job1.output.9    c__Deltaproteobacteria (UID3218)       61         284           169         11   272    1    0    0   0       94.67            0.59               0.00          
  3715.job1.output.7        c__Clostridia (UID1118)           387         223           124         11   212    0    0    0   0       93.95            0.00               0.00          
  3715.job1.output.20      o__Bacteroidales (UID2657)         160         492           269         70   404    18   0    0   0       90.61            3.96              83.33          
  3715.job1.output.12      o__Bacteroidales (UID2621)         198         427           260        116   289    20   2    0   0       78.88            5.14              26.92          
  3715.job1.output.1          k__Bacteria (UID203)            5449        104            58         50    49    5    0    0   0       77.90            8.62               0.00          
  3715.job1.output.27        k__Bacteria (UID1453)            901         171           117         42   123    6    0    0   0       77.07            4.70              83.33          
  3715.job1.output.25         k__Bacteria (UID203)            5449        104            58         50    28    19   7    0   0       75.52           42.07              12.50          
  3715.job1.output.3       o__Bacteroidales (UID2657)         160         492           269        166   314    12   0    0   0       72.28            3.90              83.33          
  3715.job1.output.30      o__Bacteroidales (UID2617)         213         406           265        123   283    0    0    0   0       65.16            0.00               0.00          
  3715.job1.output.31          k__Archaea (UID2)              207         149           107         65    48    24   11   1   0       53.36           21.54              19.05          
  3715.job1.output.15         k__Bacteria (UID203)            5449        104            58         72    31    1    0    0   0       46.21            1.72              100.00         
  3715.job1.output.33      o__Bacteroidales (UID2716)          92         487           270        221   266    0    0    0   0       46.10            0.00               0.00          
  3715.job1.output.34         k__Bacteria (UID203)            5449        104            58         72    32    0    0    0   0       45.69            0.00               0.00          
  3715.job1.output.22      o__Clostridiales (UID1212)         172         263           149        156   107    0    0    0   0       41.25            0.00               0.00          
  3715.job1.output.13         k__Bacteria (UID203)            5449        104            58         80    24    0    0    0   0       32.76            0.00               0.00          
  3715.job1.output.38         k__Bacteria (UID203)            5449        104            58         85    19    0    0    0   0       26.72            0.00               0.00          
  3715.job1.output.35         k__Bacteria (UID203)            5449        104            58         93    11    0    0    0   0       17.24            0.00               0.00          
  3715.job1.output.32         k__Bacteria (UID203)            5449        104            58         92    12    0    0    0   0       17.24            0.00               0.00          
  3715.job1.output.23         k__Bacteria (UID203)            5449        104            58         86    18    0    0    0   0       16.30            0.00               0.00          
  3715.job1.output.24         k__Bacteria (UID203)            5449        104            58         92    12    0    0    0   0        9.56            0.00               0.00          
  3715.job1.output.39          k__Archaea (UID2)              207         149           107        135    14    0    0    0   0        9.03            0.00               0.00          
  3715.job1.output.18             root (UID1)                 5656         56            24         54    2     0    0    0   0        8.33            0.00               0.00          
  3715.job1.output.26             root (UID1)                 5656         56            24         55    1     0    0    0   0        4.17            0.00               0.00          
  3715.job1.output.5           k__Archaea (UID2)              207         149           107        145    4     0    0    0   0        2.18            0.00               0.00          
  3715.job1.output.4              root (UID1)                 5656         56            24         56    0     0    0    0   0        0.00            0.00               0.00          
  3715.job1.output.37             root (UID1)                 5656         56            24         56    0     0    0    0   0        0.00            0.00               0.00          
  3715.job1.output.29             root (UID1)                 5656         56            24         56    0     0    0    0   0        0.00            0.00               0.00          
  3715.job1.output.28             root (UID1)                 5656         56            24         56    0     0    0    0   0        0.00            0.00               0.00          
  3715.job1.output.21             root (UID1)                 5656         56            24         56    0     0    0    0   0        0.00            0.00               0.00          
  3715.job1.output.11             root (UID1)                 5656         56            24         56    0     0    0    0   0        0.00            0.00               0.00          
----------------------------------------------------------------------------------------------------------------------------------------------------------------------------------------
