------------------------------------------------------------------------------------------------------------------------------------------------------------------------------------
  Bin Id                       Marker lineage          # genomes   # markers   # marker sets    0     1    2    3    4    5+   Completeness   Contamination   Strain heterogeneity  
------------------------------------------------------------------------------------------------------------------------------------------------------------------------------------
  3775.job2.output.40       k__Bacteria (UID203)          5449        104            58         0     5    16   10   22   51      100.00          377.20             15.58          
  3775.job2.output.37           root (UID1)               5656         56            24         0     0    15   31   6    4       100.00          199.60              2.17          
  3775.job2.output.33           root (UID1)               5656         56            24         0     0    3    11   26   16      100.00          318.91             32.80          
  3775.job2.output.9     o__Clostridiales (UID1226)       155         278           158         2    273   3    0    0    0       98.73            1.58               0.00          
  3775.job2.output.24   f__Lachnospiraceae (UID1255)       90         354           174         5    273   63   1    12   0       98.54           30.29               0.72          
  3775.job2.output.25    o__Clostridiales (UID1212)       172         263           149         3    259   1    0    0    0       97.99            0.67               0.00          
  3775.job2.output.42    o__Clostridiales (UID1212)       172         263           149         4    252   6    1    0    0       97.65            1.31              11.11          
  3775.job2.output.39      k__Bacteria (UID2982)           88         229           147         4    225   0    0    0    0       97.28            0.00               0.00          
  3775.job2.output.29    p__Bacteroidetes (UID2605)       350         314           208         8    306   0    0    0    0       96.96            0.00               0.00          
  3775.job2.output.30    o__Bacteroidales (UID2657)       160         492           269         16   476   0    0    0    0       96.65            0.00               0.00          
  3775.job2.output.15    o__Bacteroidales (UID2657)       160         492           269         18   474   0    0    0    0       96.40            0.00               0.00          
  3775.job2.output.38    o__Bacteroidales (UID2617)       213         406           265         17   385   4    0    0    0       94.84            1.07               0.00          
  3775.job2.output.34   f__Lachnospiraceae (UID1256)       33         333           171         23   299   10   0    0    1       93.57            4.63               3.23          
  3775.job2.output.31    o__Clostridiales (UID1212)       172         263           149         14   237   12   0    0    0       93.39            4.20              75.00          
  3775.job2.output.27    o__Clostridiales (UID1226)       155         278           158         21   246   10   1    0    0       92.81            4.33              15.38          
  3775.job2.output.13       k__Bacteria (UID203)          5449         98            58         8     33   40   16   1    0       90.17           66.72              10.64          
  3775.job2.output.28    p__Bacteroidetes (UID2605)       350         314           208         31   281   2    0    0    0       89.50            0.96              50.00          
  3775.job2.output.5     o__Bacteroidales (UID2617)       213         406           265         73   323   9    1    0    0       88.30            3.21              16.67          
  3775.job2.output.44      k__Bacteria (UID2982)           88         229           147         22   206   1    0    0    0       86.17            0.34               0.00          
  3775.job2.output.22      k__Bacteria (UID2495)          2993        147            91         31   116   0    0    0    0       85.71            0.00               0.00          
  3775.job2.output.2     o__Clostridiales (UID1212)       172         263           149         80   183   0    0    0    0       81.88            0.00               0.00          
  3775.job2.output.17   f__Lachnospiraceae (UID1286)       57         420           207         74   339   7    0    0    0       81.80            2.25               0.00          
  3775.job2.output.19    o__Bacteroidales (UID2617)       213         406           265         70   333   3    0    0    0       80.15            0.69               0.00          
  3775.job2.output.49    o__Clostridiales (UID1212)       172         263           149         87   174   2    0    0    0       76.90            1.01              50.00          
  3775.job2.output.21    o__Clostridiales (UID1226)       155         278           158         80   198   0    0    0    0       66.77            0.00               0.00          
  3775.job2.output.3     o__Clostridiales (UID1226)       155         278           158         78   199   1    0    0    0       65.82            0.63               0.00          
  3775.job2.output.10    o__Clostridiales (UID1212)       172         261           147        109   152   0    0    0    0       62.40            0.00               0.00          
  3775.job2.output.48    o__Bacteroidales (UID2716)        92         487           270        195   286   6    0    0    0       61.96            1.85              16.67          
  3775.job2.output.36       k__Bacteria (UID203)          5449        103            57         64    37   2    0    0    0       60.69            3.51              50.00          
  3775.job2.output.7     o__Bacteroidales (UID2617)       213         406           265        169   230   7    0    0    0       53.78            1.33               0.00          
  3775.job2.output.1        k__Bacteria (UID203)          5449        104            58         69    35   0    0    0    0       50.86            0.00               0.00          
  3775.job2.output.45    o__Bacteroidales (UID2617)       213         406           265        230   175   1    0    0    0       45.10            0.38              100.00         
  3775.job2.output.11    o__Clostridiales (UID1212)       172         261           148        138   122   1    0    0    0       40.54            0.68               0.00          
  3775.job2.output.26       k__Bacteria (UID203)          5449        104            58         77    26   1    0    0    0       39.81            1.72              100.00         
  3775.job2.output.4        k__Bacteria (UID203)          5449        103            57         80    23   0    0    0    0       33.49            0.00               0.00          
  3775.job2.output.51       k__Bacteria (UID203)          5449        103            57         83    20   0    0    0    0       31.58            0.00               0.00          
  3775.job2.output.6      c__Clostridia (UID1118)         387         223           124        158    65   0    0    0    0       27.42            0.00               0.00          
  3775.job2.output.46       k__Bacteria (UID203)          5449        104            58         81    23   0    0    0    0       26.65            0.00               0.00          
  3775.job2.output.23       k__Bacteria (UID203)          5449        103            57         87    16   0    0    0    0       26.32            0.00               0.00          
  3775.job2.output.35    o__Bacteroidales (UID2716)        92         487           270        371   110   6    0    0    0       18.32            0.13              66.67          
  3775.job2.output.50       k__Bacteria (UID203)          5449        103            57         92    11   0    0    0    0       12.60            0.00               0.00          
  3775.job2.output.32           root (UID1)               5656         56            24         52    2    2    0    0    0       12.50            4.17               0.00          
  3775.job2.output.43       k__Bacteria (UID203)          5449        104            58         97    7    0    0    0    0       11.21            0.00               0.00          
  3775.job2.output.8        k__Bacteria (UID203)          5449        104            58         93    11   0    0    0    0        8.93            0.00               0.00          
  3775.job2.output.20       k__Bacteria (UID203)          5449        104            58         99    5    0    0    0    0        8.62            0.00               0.00          
  3775.job2.output.12       k__Bacteria (UID203)          5449        104            58         99    5    0    0    0    0        8.62            0.00               0.00          
  3775.job2.output.47           root (UID1)               5656         56            24         54    2    0    0    0    0        8.33            0.00               0.00          
  3775.job2.output.14       k__Bacteria (UID203)          5449        104            58         99    5    0    0    0    0        6.90            0.00               0.00          
  3775.job2.output.16       k__Bacteria (UID203)          5449        103            57        102    1    0    0    0    0        1.75            0.00               0.00          
  3775.job2.output.41           root (UID1)               5656         56            24         56    0    0    0    0    0        0.00            0.00               0.00          
  3775.job2.output.18           root (UID1)               5656         56            24         56    0    0    0    0    0        0.00            0.00               0.00          
------------------------------------------------------------------------------------------------------------------------------------------------------------------------------------
