------------------------------------------------------------------------------------------------------------------------------------------------------------------------------------
  Bin Id                       Marker lineage          # genomes   # markers   # marker sets    0     1    2    3    4    5+   Completeness   Contamination   Strain heterogeneity  
------------------------------------------------------------------------------------------------------------------------------------------------------------------------------------
  3775.job3.output.33       k__Bacteria (UID203)          5449        103            57         0     4    19   36   29   15      100.00          251.02              2.22          
  3775.job3.output.44    o__Clostridiales (UID1226)       155         278           158         2    273   3    0    0    0       98.73            1.58               0.00          
  3775.job3.output.24    o__Clostridiales (UID1212)       172         263           149         3    259   1    0    0    0       97.99            0.67               0.00          
  3775.job3.output.48    o__Clostridiales (UID1212)       172         263           149         4    249   9    1    0    0       97.65            2.99              25.00          
  3775.job3.output.22       k__Bacteria (UID203)          5449        104            58         2     27   25   19   22   9       97.41           225.27             32.36          
  3775.job3.output.13    o__Bacteroidales (UID2657)       160         492           269         14   475   3    0    0    0       97.40            0.87               0.00          
  3775.job3.output.2       k__Bacteria (UID2982)           88         229           147         4    225   0    0    0    0       97.28            0.00               0.00          
  3775.job3.output.30    p__Bacteroidetes (UID2605)       350         314           208         8    306   0    0    0    0       96.96            0.00               0.00          
  3775.job3.output.15    o__Bacteroidales (UID2657)       160         492           269         17   475   0    0    0    0       96.77            0.00               0.00          
  3775.job3.output.26       k__Bacteria (UID203)          5449        103            57         2     7    17   31   24   22      96.49           224.40              8.95          
  3775.job3.output.3     p__Bacteroidetes (UID2605)       350         314           208         10   301   3    0    0    0       95.99            1.44              33.33          
  3775.job3.output.11       k__Bacteria (UID203)          5449        104            58         16    11   28   17   15   17      95.92           204.80             13.47          
  3775.job3.output.39    o__Clostridiales (UID1226)       155         278           158         10   265   3    0    0    0       95.55            1.58               0.00          
  3775.job3.output.31    o__Bacteroidales (UID2617)       213         406           265         18   378   10   0    0    0       94.47            2.77               0.00          
  3775.job3.output.25    o__Clostridiales (UID1212)       172         263           149         10   234   19   0    0    0       94.46            7.13              73.68          
  3775.job3.output.9    f__Lachnospiraceae (UID1256)       33         333           171         23   299   10   0    0    1       93.57            4.63               3.23          
  3775.job3.output.50       k__Bacteria (UID203)          5449        103            57         6     29   57   10   1    0       92.98           67.45              41.94          
  3775.job3.output.49    o__Clostridiales (UID1226)       155         278           158         21   246   10   1    0    0       92.81            4.33              15.38          
  3775.job3.output.34    o__Bacteroidales (UID2617)       213         406           265         61   331   14   0    0    0       90.60            4.25              14.29          
  3775.job3.output.21       k__Bacteria (UID203)          5449         98            58         9     24   30   33   2    0       89.31           91.39              10.64          
  3775.job3.output.43      k__Bacteria (UID2982)           88         229           147         18   210   1    0    0    0       88.89            0.34               0.00          
  3775.job3.output.40   f__Lachnospiraceae (UID1255)       90         354           174         47   303   4    0    0    0       88.87            1.72               0.00          
  3775.job3.output.47   f__Lachnospiraceae (UID1286)       57         420           207         48   365   7    0    0    0       86.63            2.25               0.00          
  3775.job3.output.16    o__Bacteroidales (UID2617)       213         406           265         49   351   6    0    0    0       85.75            1.09               0.00          
  3775.job3.output.27      k__Bacteria (UID2495)          2993        147            91         31   116   0    0    0    0       85.71            0.00               0.00          
  3775.job3.output.51    o__Clostridiales (UID1212)       172         263           149         52   208   3    0    0    0       83.68            0.78              66.67          
  3775.job3.output.46    o__Clostridiales (UID1212)       172         263           149         87   176   0    0    0    0       77.85            0.00               0.00          
  3775.job3.output.6     o__Clostridiales (UID1226)       155         278           158         58   218   2    0    0    0       76.90            0.63               0.00          
  3775.job3.output.28    o__Bacteroidales (UID2716)        92         487           270        125   356   6    0    0    0       75.82            1.31              16.67          
  3775.job3.output.17    o__Bacteroidales (UID2617)       213         406           265        132   267   6    1    0    0       69.23            2.53              11.11          
  3775.job3.output.18    o__Clostridiales (UID1212)       172         261           147         85   169   7    0    0    0       67.46            3.40               0.00          
  3775.job3.output.12    o__Bacteroidales (UID2617)       213         406           265        145   242   19   0    0    0       60.73            2.80              26.32          
  3775.job3.output.4        k__Bacteria (UID203)          5449        104            58         65    39   0    0    0    0       57.76            0.00               0.00          
  3775.job3.output.32       k__Bacteria (UID203)          5449        103            57         71    31   1    0    0    0       49.28            1.75              100.00         
  3775.job3.output.7     o__Bacteroidales (UID2716)        92         487           270        278   202   7    0    0    0       42.94            1.13               0.00          
  3775.job3.output.36     c__Clostridia (UID1118)         387         223           124        124    98   1    0    0    0       42.71            0.27               0.00          
  3775.job3.output.29    o__Clostridiales (UID1212)       172         261           148        141   119   1    0    0    0       38.51            0.68               0.00          
  3775.job3.output.52       k__Bacteria (UID203)          5449        103            57         82    21   0    0    0    0       33.33            0.00               0.00          
  3775.job3.output.10       k__Bacteria (UID203)          5449        104            58         77    26   1    0    0    0       31.82            0.16               0.00          
  3775.job3.output.42       k__Bacteria (UID203)          5449        104            58         90    14   0    0    0    0       18.57            0.00               0.00          
  3775.job3.output.5        k__Bacteria (UID203)          5449        104            58         93    11   0    0    0    0       18.10            0.00               0.00          
  3775.job3.output.1      g__Prevotella (UID2724)          55         567           296        427   122   16   2    0    0       17.44            0.53              68.18          
  3775.job3.output.45       k__Bacteria (UID203)          5449        103            57         91    12   0    0    0    0       16.67            0.00               0.00          
  3775.job3.output.41       k__Bacteria (UID203)          5449        104            58         91    13   0    0    0    0       11.66            0.00               0.00          
  3775.job3.output.37       k__Bacteria (UID203)          5449        104            58        100    4    0    0    0    0        6.90            0.00               0.00          
  3775.job3.output.8            root (UID1)               5656         56            24         55    1    0    0    0    0        4.17            0.00               0.00          
  3775.job3.output.38           root (UID1)               5656         56            24         55    1    0    0    0    0        4.17            0.00               0.00          
  3775.job3.output.35           root (UID1)               5656         56            24         55    1    0    0    0    0        4.17            0.00               0.00          
  3775.job3.output.19           root (UID1)               5656         56            24         55    1    0    0    0    0        4.17            0.00               0.00          
  3775.job3.output.23       k__Bacteria (UID203)          5449        103            57        102    1    0    0    0    0        1.75            0.00               0.00          
  3775.job3.output.20           root (UID1)               5656         56            24         56    0    0    0    0    0        0.00            0.00               0.00          
  3775.job3.output.14           root (UID1)               5656         56            24         56    0    0    0    0    0        0.00            0.00               0.00          
------------------------------------------------------------------------------------------------------------------------------------------------------------------------------------
