-----------------------------------------------------------------------------------------------------------------------------------------------------------------------------------------
  Bin Id                         Marker lineage            # genomes   # markers   # marker sets    0     1     2    3    4    5+   Completeness   Contamination   Strain heterogeneity  
-----------------------------------------------------------------------------------------------------------------------------------------------------------------------------------------
  3715.job2.output.1       o__Bacteroidales (UID2617)         213         406           265         2    399    5    0    0    0       99.43            0.11              100.00         
  3715.job2.output.13      o__Bacteroidales (UID2621)         198         427           260         2    423    2    0    0    0       99.42            0.51               0.00          
  3715.job2.output.19      o__Clostridiales (UID1226)         155         278           158         1    274    3    0    0    0       99.37            1.58               0.00          
  3715.job2.output.38       g__Bacteroides (UID2691)           33         839           309         5    478   352   4    0    0       99.09           46.56              43.13          
  3715.job2.output.14      o__Bacteroidales (UID2617)         213         406           265         5    400    1    0    0    0       98.30            0.38              100.00         
  3715.job2.output.33      p__Bacteroidetes (UID2605)         350         314           208         34   269    11   0    0    0       98.16            0.75              72.73          
  3715.job2.output.5       o__Clostridiales (UID1226)         155         278           158         4    265    9    0    0    0       97.78            4.91               0.00          
  3715.job2.output.39    f__Mycoplasmataceae (UID2414)         89         228           130         5    103   117   2    1    0       97.31           69.91              50.39          
  3715.job2.output.35        k__Bacteria (UID2982)             88         229           147         7    222    0    0    0    0       95.92            0.00               0.00          
  3715.job2.output.4    c__Deltaproteobacteria (UID3218)       61         284           169         11   272    1    0    0    0       94.67            0.59               0.00          
  3715.job2.output.40       c__Clostridia (UID1118)           387         223           124         11   212    0    0    0    0       93.95            0.00               0.00          
  3715.job2.output.21      o__Bacteroidales (UID2657)         160         492           269         66   407    19   0    0    0       91.04            3.90              84.21          
  3715.job2.output.6       o__Bacteroidales (UID2617)         213         406           265         72   113   135   63   17   6       86.67           90.11               5.31          
  3715.job2.output.29      o__Bacteroidales (UID2621)         198         427           260         91   261    64   11   0    0       81.36           17.26              15.46          
  3715.job2.output.10        k__Bacteria (UID1453)            901         171           117         40   123    8    0    0    0       78.77            6.41              87.50          
  3715.job2.output.3          k__Bacteria (UID203)            5449        104            58         50    52    2    0    0    0       77.90            3.45               0.00          
  3715.job2.output.17      o__Bacteroidales (UID2617)         213         406           265         90   315    1    0    0    0       74.59            0.38               0.00          
  3715.job2.output.7       o__Bacteroidales (UID2657)         160         492           269        162   315    14   1    0    0       72.93            5.20              70.59          
  3715.job2.output.32      o__Bacteroidales (UID2657)         160         492           269        185   307    0    0    0    0       54.28            0.00               0.00          
  3715.job2.output.12          k__Archaea (UID2)              207         149           107         64    48    25   11   1    0       53.98           22.47              18.75          
  3715.job2.output.24         k__Bacteria (UID203)            5449        104            58         68    34    2    0    0    0       51.72            2.59              50.00          
  3715.job2.output.11      o__Clostridiales (UID1212)         172         263           149        137   124    2    0    0    0       50.32            1.34               0.00          
  3715.job2.output.2       o__Bacteroidales (UID2716)          92         487           270        239   248    0    0    0    0       42.03            0.00               0.00          
  3715.job2.output.22         k__Bacteria (UID203)            5449        104            58         76    28    0    0    0    0       39.31            0.00               0.00          
  3715.job2.output.37         k__Bacteria (UID203)            5449        104            58         80    24    0    0    0    0       33.78            0.00               0.00          
  3715.job2.output.28         k__Bacteria (UID203)            5449        104            58         87    16    1    0    0    0       27.59            1.72               0.00          
  3715.job2.output.27         k__Bacteria (UID203)            5449        104            58         87    17    0    0    0    0       25.86            0.00               0.00          
  3715.job2.output.31         k__Bacteria (UID203)            5449        104            58         87    17    0    0    0    0       22.41            0.00               0.00          
  3715.job2.output.25         k__Bacteria (UID203)            5449        104            58         89    15    0    0    0    0       20.69            0.00               0.00          
  3715.job2.output.26         k__Bacteria (UID203)            5449        104            58         84    20    0    0    0    0       18.03            0.00               0.00          
  3715.job2.output.18         k__Bacteria (UID203)            5449        103            57         89    14    0    0    0    0       16.27            0.00               0.00          
  3715.job2.output.30          k__Archaea (UID2)              207         149           107        125    24    0    0    0    0       15.73            0.00               0.00          
  3715.job2.output.8              root (UID1)                 5656         56            24         54    2     0    0    0    0        8.33            0.00               0.00          
  3715.job2.output.16             root (UID1)                 5656         56            24         54    2     0    0    0    0        8.33            0.00               0.00          
  3715.job2.output.34             root (UID1)                 5656         56            24         55    1     0    0    0    0        4.17            0.00               0.00          
  3715.job2.output.9           k__Archaea (UID2)              207         149           107        145    4     0    0    0    0        2.18            0.00               0.00          
  3715.job2.output.41             root (UID1)                 5656         56            24         56    0     0    0    0    0        0.00            0.00               0.00          
  3715.job2.output.36             root (UID1)                 5656         56            24         56    0     0    0    0    0        0.00            0.00               0.00          
  3715.job2.output.23             root (UID1)                 5656         56            24         56    0     0    0    0    0        0.00            0.00               0.00          
  3715.job2.output.20             root (UID1)                 5656         56            24         56    0     0    0    0    0        0.00            0.00               0.00          
  3715.job2.output.15             root (UID1)                 5656         56            24         56    0     0    0    0    0        0.00            0.00               0.00          
-----------------------------------------------------------------------------------------------------------------------------------------------------------------------------------------
